# Force coefficients
# liftDir    : (-5.233608e-02 0.000000e+00 9.986295e-01)
# dragDir    : (9.986295e-01 0.000000e+00 5.233608e-02)
# pitchAxis  : (0.000000e+00 1.000000e+00 0.000000e+00)
# magUInf    : 1.000000e+02
# lRef       : 1.000000e+00
# Aref       : 1.000000e+00
# CofR       : (2.500000e-01 0.000000e+00 0.000000e+00)
# Time       	Cm           	Cd           	Cl           	Cl(f)        	Cl(r)        	Cm	Cd	Cl	Cl(f)	Cl(r)
1.000000e+00	3.095737e-02	1.351696e-01	1.320693e-01	9.699200e-02	3.507726e-02
2.000000e+00	7.570548e-02	1.926551e-01	8.133625e-02	1.163736e-01	-3.503735e-02
3.000000e+00	1.017877e-01	9.111775e-02	-8.064725e-02	6.146409e-02	-1.421113e-01
4.000000e+00	9.836428e-02	3.848515e-03	-1.510982e-01	2.281517e-02	-1.739134e-01
5.000000e+00	8.371355e-02	2.212945e-02	-1.106635e-01	2.838183e-02	-1.390453e-01
6.000000e+00	7.722034e-02	4.446108e-02	-6.681765e-02	4.381152e-02	-1.106292e-01
7.000000e+00	7.708614e-02	-1.287720e-02	-5.410479e-02	5.003374e-02	-1.041385e-01
8.000000e+00	7.487958e-02	-8.889072e-02	-4.192977e-02	5.391469e-02	-9.584446e-02
9.000000e+00	7.136525e-02	-8.884700e-02	-2.324485e-02	5.974282e-02	-8.298767e-02
1.000000e+01	7.220111e-02	-1.764775e-02	-1.927891e-02	6.256166e-02	-8.184057e-02
1.100000e+01	7.739807e-02	5.037374e-02	-3.405771e-02	6.036921e-02	-9.442692e-02
1.200000e+01	8.245478e-02	6.984862e-02	-5.322979e-02	5.583988e-02	-1.090697e-01
1.300000e+01	8.530520e-02	5.367453e-02	-6.928933e-02	5.066054e-02	-1.199499e-01
1.400000e+01	8.675391e-02	3.302879e-02	-8.220105e-02	4.565338e-02	-1.278544e-01
1.500000e+01	8.706552e-02	2.013795e-02	-8.834244e-02	4.289431e-02	-1.312367e-01
1.600000e+01	8.562165e-02	1.236889e-02	-8.482736e-02	4.320797e-02	-1.280353e-01
1.700000e+01	8.252405e-02	7.745049e-03	-7.611906e-02	4.446452e-02	-1.205836e-01
1.800000e+01	7.889990e-02	8.888948e-03	-6.881870e-02	4.449055e-02	-1.133093e-01
1.900000e+01	7.607663e-02	1.580483e-02	-6.454844e-02	4.380240e-02	-1.083508e-01
2.000000e+01	7.470752e-02	2.328681e-02	-6.129710e-02	4.405897e-02	-1.053561e-01
2.100000e+01	7.528735e-02	2.635978e-02	-6.078183e-02	4.489643e-02	-1.056783e-01
2.200000e+01	7.724358e-02	2.356146e-02	-6.483962e-02	4.482377e-02	-1.096634e-01
2.300000e+01	7.667349e-02	2.013657e-02	-6.489179e-02	4.422759e-02	-1.091194e-01
2.400000e+01	7.396193e-02	1.846584e-02	-6.060243e-02	4.366071e-02	-1.042631e-01
2.500000e+01	7.091321e-02	1.908708e-02	-5.448004e-02	4.367319e-02	-9.815323e-02
2.600000e+01	6.961074e-02	2.116660e-02	-5.191289e-02	4.365430e-02	-9.556719e-02
2.700000e+01	6.963122e-02	2.305281e-02	-5.295562e-02	4.315341e-02	-9.610904e-02
2.800000e+01	6.901444e-02	2.335337e-02	-5.309798e-02	4.246545e-02	-9.556344e-02
2.900000e+01	6.685136e-02	2.273396e-02	-4.959521e-02	4.205375e-02	-9.164897e-02
3.000000e+01	6.351076e-02	2.419158e-02	-4.304680e-02	4.198736e-02	-8.503416e-02
3.100000e+01	6.006456e-02	2.649118e-02	-3.612354e-02	4.200279e-02	-7.812633e-02
3.200000e+01	5.679329e-02	2.780214e-02	-2.945491e-02	4.206583e-02	-7.152074e-02
3.300000e+01	5.331772e-02	2.818166e-02	-2.207631e-02	4.227956e-02	-6.435587e-02
3.400000e+01	5.023354e-02	2.951998e-02	-1.618124e-02	4.214292e-02	-5.832416e-02
3.500000e+01	4.621753e-02	3.138960e-02	-8.058759e-03	4.218815e-02	-5.024691e-02
3.600000e+01	4.090288e-02	3.236106e-02	2.870401e-03	4.233809e-02	-3.946768e-02
3.700000e+01	3.477705e-02	3.231171e-02	1.558407e-02	4.256908e-02	-2.698501e-02
3.800000e+01	2.920167e-02	3.333280e-02	2.676245e-02	4.258289e-02	-1.582044e-02
3.900000e+01	2.432538e-02	3.585722e-02	3.730986e-02	4.298031e-02	-5.670446e-03
4.000000e+01	2.003816e-02	3.925800e-02	4.733180e-02	4.370407e-02	3.627737e-03
4.100000e+01	1.593618e-02	4.400648e-02	5.606642e-02	4.396939e-02	1.209703e-02
4.200000e+01	1.046706e-02	5.236261e-02	7.250502e-02	4.671958e-02	2.578545e-02
4.300000e+01	6.003216e-03	6.197225e-02	9.134198e-02	5.167421e-02	3.966778e-02
4.400000e+01	3.280565e-03	6.570701e-02	1.074863e-01	5.702373e-02	5.046260e-02
4.500000e+01	5.988886e-03	7.243860e-02	1.104068e-01	6.119230e-02	4.921453e-02
4.600000e+01	8.498880e-03	8.112716e-02	1.146666e-01	6.583216e-02	4.883440e-02
4.700000e+01	8.264815e-03	9.057118e-02	1.296634e-01	7.309650e-02	5.656687e-02
4.800000e+01	8.526896e-03	9.705057e-02	1.436278e-01	8.034081e-02	6.328702e-02
4.900000e+01	1.102492e-02	1.019863e-01	1.484133e-01	8.523157e-02	6.318173e-02
5.000000e+01	1.325409e-02	1.079147e-01	1.508019e-01	8.865503e-02	6.214685e-02
5.100000e+01	1.387878e-02	1.150197e-01	1.559713e-01	9.186441e-02	6.410686e-02
5.200000e+01	1.438423e-02	1.220716e-01	1.615963e-01	9.518237e-02	6.641392e-02
5.300000e+01	1.616205e-02	1.281297e-01	1.631450e-01	9.773454e-02	6.541043e-02
5.400000e+01	1.800597e-02	1.340994e-01	1.638323e-01	9.992210e-02	6.391017e-02
5.500000e+01	1.877142e-02	1.400978e-01	1.665688e-01	1.020558e-01	6.451296e-02
5.600000e+01	1.901271e-02	1.451922e-01	1.695799e-01	1.038027e-01	6.577725e-02
5.700000e+01	1.980255e-02	1.493600e-01	1.699837e-01	1.047944e-01	6.518932e-02
5.800000e+01	2.085272e-02	1.533393e-01	1.691462e-01	1.054258e-01	6.372039e-02
5.900000e+01	2.154193e-02	1.580289e-01	1.693208e-01	1.062023e-01	6.311850e-02
6.000000e+01	2.143564e-02	1.630694e-01	1.715118e-01	1.071916e-01	6.432027e-02
6.100000e+01	2.089137e-02	1.681183e-01	1.742227e-01	1.080027e-01	6.621997e-02
6.200000e+01	2.003691e-02	1.729942e-01	1.775092e-01	1.087915e-01	6.871771e-02
6.300000e+01	1.887992e-02	1.778161e-01	1.808688e-01	1.093143e-01	7.155447e-02
6.400000e+01	1.702248e-02	1.827024e-01	1.859765e-01	1.100108e-01	7.596579e-02
6.500000e+01	1.466458e-02	1.881426e-01	1.923486e-01	1.108389e-01	8.150971e-02
6.600000e+01	1.174530e-02	1.940600e-01	2.004766e-01	1.119836e-01	8.849299e-02
6.700000e+01	8.366970e-03	2.003552e-01	2.100795e-01	1.134067e-01	9.667280e-02
6.800000e+01	4.620145e-03	2.069978e-01	2.206907e-01	1.149655e-01	1.057252e-01
6.900000e+01	5.286839e-04	2.140724e-01	2.325945e-01	1.168259e-01	1.157686e-01
7.000000e+01	-3.972900e-03	2.214755e-01	2.462803e-01	1.191673e-01	1.271131e-01
7.100000e+01	-8.811299e-03	2.291282e-01	2.614411e-01	1.219092e-01	1.395318e-01
7.200000e+01	-1.386139e-02	2.370469e-01	2.776276e-01	1.249524e-01	1.526752e-01
7.300000e+01	-1.903532e-02	2.452458e-01	2.943115e-01	1.281204e-01	1.661911e-01
7.400000e+01	-2.436756e-02	2.536908e-01	3.120430e-01	1.316540e-01	1.803891e-01
7.500000e+01	-3.009136e-02	2.620104e-01	3.316341e-01	1.357257e-01	1.959084e-01
7.600000e+01	-3.621369e-02	2.700759e-01	3.528031e-01	1.401878e-01	2.126152e-01
7.700000e+01	-4.254880e-02	2.779792e-01	3.740749e-01	1.444887e-01	2.295863e-01
7.800000e+01	-4.909607e-02	2.859127e-01	3.960915e-01	1.489497e-01	2.471418e-01
7.900000e+01	-5.591592e-02	3.000796e-01	4.195029e-01	1.538355e-01	2.656673e-01
8.000000e+01	-6.319645e-02	3.122999e-01	4.444833e-01	1.590452e-01	2.854381e-01
8.100000e+01	-7.091206e-02	3.196286e-01	4.711626e-01	1.646693e-01	3.064934e-01
8.200000e+01	-7.883480e-02	3.245302e-01	4.988296e-01	1.705800e-01	3.282496e-01
8.300000e+01	-8.685407e-02	3.296122e-01	5.269700e-01	1.766309e-01	3.503391e-01
8.400000e+01	-9.522580e-02	3.352401e-01	5.561939e-01	1.828711e-01	3.733227e-01
8.500000e+01	-1.039010e-01	3.411131e-01	5.860858e-01	1.891419e-01	3.969439e-01
8.600000e+01	-1.146088e-01	3.392460e-01	6.235749e-01	1.971786e-01	4.263962e-01
8.700000e+01	-1.231235e-01	3.478211e-01	6.513802e-01	2.025666e-01	4.488136e-01
8.800000e+01	-1.312120e-01	3.586647e-01	6.775764e-01	2.075761e-01	4.700002e-01
8.900000e+01	-1.425782e-01	3.566145e-01	7.173120e-01	2.160779e-01	5.012342e-01
9.000000e+01	-1.548271e-01	3.537956e-01	7.588311e-01	2.245884e-01	5.342426e-01
9.100000e+01	-1.645916e-01	3.637124e-01	7.884446e-01	2.296307e-01	5.588139e-01
9.200000e+01	-1.751952e-01	3.673129e-01	8.245454e-01	2.370775e-01	5.874679e-01
9.300000e+01	-1.866005e-01	3.674160e-01	8.637319e-01	2.452654e-01	6.184665e-01
9.400000e+01	-1.970796e-01	3.758842e-01	8.952621e-01	2.505515e-01	6.447106e-01
9.500000e+01	-2.092377e-01	3.773531e-01	9.356227e-01	2.585737e-01	6.770490e-01
9.600000e+01	-2.221057e-01	3.759629e-01	9.788061e-01	2.672973e-01	7.115088e-01
9.700000e+01	-2.344724e-01	3.770802e-01	1.018972e+00	2.750138e-01	7.439586e-01
9.800000e+01	-2.448177e-01	3.869001e-01	1.047723e+00	2.790438e-01	7.686793e-01
9.900000e+01	-2.549221e-01	3.909404e-01	1.081810e+00	2.859830e-01	7.958272e-01
1.000000e+02	-2.663510e-01	3.907320e-01	1.122309e+00	2.948034e-01	8.275054e-01
1.010000e+02	-2.779752e-01	3.956556e-01	1.157076e+00	3.005630e-01	8.565134e-01
1.020000e+02	-2.881023e-01	4.029996e-01	1.188248e+00	3.060215e-01	8.822261e-01
1.030000e+02	-2.971866e-01	4.045280e-01	1.226209e+00	3.159177e-01	9.102908e-01
1.040000e+02	-3.067224e-01	4.053578e-01	1.261462e+00	3.240087e-01	9.374535e-01
1.050000e+02	-3.150818e-01	4.075657e-01	1.291652e+00	3.307443e-01	9.609079e-01
1.060000e+02	-3.208909e-01	4.114910e-01	1.316388e+00	3.373033e-01	9.790850e-01
1.070000e+02	-3.242386e-01	4.157291e-01	1.336379e+00	3.439510e-01	9.924281e-01
1.080000e+02	-3.292922e-01	4.201953e-01	1.361552e+00	3.514839e-01	1.010068e+00
1.090000e+02	-3.384090e-01	4.253311e-01	1.396117e+00	3.596498e-01	1.036468e+00
1.100000e+02	-3.478707e-01	4.301250e-01	1.428396e+00	3.663275e-01	1.062069e+00
1.110000e+02	-3.551869e-01	4.346128e-01	1.452389e+00	3.710077e-01	1.081381e+00
1.120000e+02	-3.605658e-01	4.382585e-01	1.470190e+00	3.745290e-01	1.095661e+00
1.130000e+02	-3.643934e-01	4.407797e-01	1.483272e+00	3.772426e-01	1.106029e+00
1.140000e+02	-3.678818e-01	4.433950e-01	1.494661e+00	3.794489e-01	1.115212e+00
1.150000e+02	-3.708523e-01	4.461813e-01	1.503077e+00	3.806864e-01	1.122391e+00
1.160000e+02	-3.724782e-01	4.486995e-01	1.505929e+00	3.804864e-01	1.125443e+00
1.170000e+02	-3.732322e-01	4.506975e-01	1.505167e+00	3.793511e-01	1.125816e+00
1.180000e+02	-3.737489e-01	4.517663e-01	1.502262e+00	3.773820e-01	1.124880e+00
1.190000e+02	-3.736630e-01	4.517308e-01	1.495365e+00	3.740196e-01	1.121346e+00
1.200000e+02	-3.712034e-01	4.495889e-01	1.480447e+00	3.690203e-01	1.111427e+00
1.210000e+02	-3.676985e-01	4.464151e-01	1.463762e+00	3.641827e-01	1.099580e+00
1.220000e+02	-3.648558e-01	4.437457e-01	1.449137e+00	3.597127e-01	1.089424e+00
1.230000e+02	-3.606144e-01	4.363321e-01	1.429991e+00	3.543809e-01	1.075610e+00
1.240000e+02	-3.544166e-01	4.272183e-01	1.403331e+00	3.472489e-01	1.056082e+00
1.250000e+02	-3.450826e-01	4.194696e-01	1.367473e+00	3.386539e-01	1.028819e+00
1.260000e+02	-3.350276e-01	4.173573e-01	1.330902e+00	3.304232e-01	1.000478e+00
1.270000e+02	-3.237867e-01	4.181391e-01	1.291647e+00	3.220367e-01	9.696101e-01
1.280000e+02	-3.108590e-01	4.169089e-01	1.249092e+00	3.136869e-01	9.354050e-01
1.290000e+02	-2.986553e-01	4.144129e-01	1.210075e+00	3.063822e-01	9.036927e-01
1.300000e+02	-2.860913e-01	4.108091e-01	1.169802e+00	2.988099e-01	8.709925e-01
1.310000e+02	-2.707096e-01	4.050349e-01	1.119922e+00	2.892516e-01	8.306708e-01
1.320000e+02	-2.538193e-01	3.988115e-01	1.064844e+00	2.786028e-01	7.862413e-01
1.330000e+02	-2.361240e-01	3.933964e-01	1.007071e+00	2.674117e-01	7.396597e-01
1.340000e+02	-2.166365e-01	3.877093e-01	9.445033e-01	2.556152e-01	6.888881e-01
1.350000e+02	-1.955437e-01	3.812337e-01	8.776979e-01	2.433052e-01	6.343927e-01
1.360000e+02	-1.739276e-01	3.733882e-01	8.107884e-01	2.314666e-01	5.793219e-01
1.370000e+02	-1.526421e-01	3.655667e-01	7.449188e-01	2.198173e-01	5.251015e-01
1.380000e+02	-1.313438e-01	3.575403e-01	6.772862e-01	2.072993e-01	4.699869e-01
1.390000e+02	-1.103753e-01	3.499005e-01	6.081490e-01	1.936992e-01	4.144498e-01
1.400000e+02	-9.013521e-02	3.432174e-01	5.382691e-01	1.789993e-01	3.592698e-01
1.410000e+02	-7.083916e-02	3.369049e-01	4.690534e-01	1.636875e-01	3.053659e-01
1.420000e+02	-5.250763e-02	3.312402e-01	4.006871e-01	1.478359e-01	2.528512e-01
1.430000e+02	-3.571620e-02	3.262487e-01	3.352388e-01	1.319032e-01	2.033356e-01
1.440000e+02	-2.108568e-02	3.219822e-01	2.747199e-01	1.162743e-01	1.584456e-01
1.450000e+02	-8.774028e-03	3.184975e-01	2.194323e-01	1.009421e-01	1.184902e-01
1.460000e+02	1.406795e-03	3.156018e-01	1.693494e-01	8.608149e-02	8.326790e-02
1.470000e+02	9.257171e-03	3.135342e-01	1.253564e-01	7.193535e-02	5.342101e-02
1.480000e+02	1.540791e-02	3.120626e-01	8.478732e-02	5.780157e-02	2.698574e-02
1.490000e+02	2.124069e-02	3.099059e-01	4.418495e-02	4.333317e-02	8.517846e-04
1.500000e+02	2.648408e-02	3.060731e-01	5.890456e-03	2.942930e-02	-2.353885e-02
1.510000e+02	3.132438e-02	2.993464e-01	-3.025530e-02	1.619672e-02	-4.645203e-02
1.520000e+02	3.542216e-02	2.894886e-01	-6.369198e-02	3.576164e-03	-6.726815e-02
1.530000e+02	4.023953e-02	2.776486e-01	-9.857558e-02	-9.048267e-03	-8.952732e-02
1.540000e+02	4.565531e-02	2.642620e-01	-1.334516e-01	-2.107047e-02	-1.123811e-01
1.550000e+02	5.201803e-02	2.494356e-01	-1.695106e-01	-3.273726e-02	-1.367733e-01
1.560000e+02	5.810883e-02	2.333924e-01	-2.034362e-01	-4.360927e-02	-1.598269e-01
1.570000e+02	6.246424e-02	2.163988e-01	-2.306176e-01	-5.284458e-02	-1.777731e-01
1.580000e+02	6.555393e-02	1.993031e-01	-2.541635e-01	-6.152783e-02	-1.926357e-01
1.590000e+02	6.724730e-02	1.840011e-01	-2.738166e-01	-6.966102e-02	-2.041556e-01
1.600000e+02	7.143513e-02	1.732586e-01	-3.003068e-01	-7.871827e-02	-2.215885e-01
1.610000e+02	7.183890e-02	1.723366e-01	-3.071857e-01	-8.175395e-02	-2.254318e-01
1.620000e+02	7.174591e-02	1.724742e-01	-3.137913e-01	-8.514976e-02	-2.286416e-01
1.630000e+02	7.238307e-02	1.705211e-01	-3.254042e-01	-9.031903e-02	-2.350852e-01
1.640000e+02	7.558621e-02	1.681038e-01	-3.451564e-01	-9.699199e-02	-2.481644e-01
1.650000e+02	7.531598e-02	1.697175e-01	-3.502817e-01	-9.982488e-02	-2.504568e-01
1.660000e+02	7.354282e-02	1.718442e-01	-3.506272e-01	-1.017708e-01	-2.488564e-01
1.670000e+02	7.429749e-02	1.726141e-01	-3.606166e-01	-1.060108e-01	-2.546058e-01
1.680000e+02	7.512566e-02	1.771887e-01	-3.696360e-01	-1.096923e-01	-2.599437e-01
1.690000e+02	7.285883e-02	1.874995e-01	-3.664989e-01	-1.103906e-01	-2.561083e-01
1.700000e+02	7.339181e-02	1.943533e-01	-3.728472e-01	-1.130318e-01	-2.598154e-01
1.710000e+02	7.520750e-02	1.992167e-01	-3.834665e-01	-1.165257e-01	-2.669407e-01
1.720000e+02	7.414268e-02	2.069773e-01	-3.847537e-01	-1.182342e-01	-2.665195e-01
1.730000e+02	7.413135e-02	2.116374e-01	-3.902174e-01	-1.209773e-01	-2.692400e-01
1.740000e+02	7.292010e-02	2.180934e-01	-3.924945e-01	-1.233272e-01	-2.691674e-01
1.750000e+02	7.318768e-02	2.221100e-01	-3.994191e-01	-1.265219e-01	-2.728972e-01
1.760000e+02	7.244404e-02	2.293336e-01	-4.029475e-01	-1.290297e-01	-2.739178e-01
1.770000e+02	7.209396e-02	2.367918e-01	-4.078627e-01	-1.318374e-01	-2.760253e-01
1.780000e+02	7.420227e-02	2.404368e-01	-4.202745e-01	-1.359350e-01	-2.843395e-01
1.790000e+02	7.635788e-02	2.470768e-01	-4.329483e-01	-1.401163e-01	-2.928320e-01
1.800000e+02	7.893749e-02	2.546995e-01	-4.475000e-01	-1.448125e-01	-3.026875e-01
1.810000e+02	8.250152e-02	2.609768e-01	-4.661331e-01	-1.505650e-01	-3.155681e-01
1.820000e+02	8.692879e-02	2.658948e-01	-4.883429e-01	-1.572426e-01	-3.311002e-01
1.830000e+02	9.223086e-02	2.705939e-01	-5.141620e-01	-1.648502e-01	-3.493119e-01
1.840000e+02	9.783995e-02	2.752404e-01	-5.419394e-01	-1.731298e-01	-3.688097e-01
1.850000e+02	1.036381e-01	2.793358e-01	-5.712409e-01	-1.819824e-01	-3.892586e-01
1.860000e+02	1.093380e-01	2.822527e-01	-6.011717e-01	-1.912478e-01	-4.099239e-01
1.870000e+02	1.145890e-01	2.840114e-01	-6.304649e-01	-2.006435e-01	-4.298214e-01
1.880000e+02	1.195116e-01	2.848820e-01	-6.595366e-01	-2.102567e-01	-4.492799e-01
1.890000e+02	1.251698e-01	2.854672e-01	-6.918792e-01	-2.207699e-01	-4.711094e-01
1.900000e+02	1.312499e-01	2.854991e-01	-7.257786e-01	-2.316394e-01	-4.941392e-01
1.910000e+02	1.371175e-01	2.844909e-01	-7.592070e-01	-2.424860e-01	-5.167210e-01
1.920000e+02	1.427939e-01	2.837680e-01	-7.922868e-01	-2.533495e-01	-5.389373e-01
1.930000e+02	1.474244e-01	2.820991e-01	-8.227158e-01	-2.639335e-01	-5.587823e-01
1.940000e+02	1.526420e-01	2.795941e-01	-8.551588e-01	-2.749374e-01	-5.802213e-01
1.950000e+02	1.594466e-01	2.749523e-01	-8.922136e-01	-2.866602e-01	-6.055533e-01
1.960000e+02	1.666380e-01	2.727692e-01	-9.299432e-01	-2.983337e-01	-6.316096e-01
1.970000e+02	1.749623e-01	2.699362e-01	-9.700561e-01	-3.100657e-01	-6.599903e-01
1.980000e+02	1.832658e-01	2.683721e-01	-1.008783e+00	-3.211255e-01	-6.876572e-01
1.990000e+02	1.909055e-01	2.699951e-01	-1.045163e+00	-3.316759e-01	-7.134869e-01
2.000000e+02	1.972087e-01	2.726825e-01	-1.076842e+00	-3.412124e-01	-7.356298e-01
2.010000e+02	2.040685e-01	2.728999e-01	-1.109528e+00	-3.506953e-01	-7.588323e-01
2.020000e+02	2.091125e-01	2.748010e-01	-1.137112e+00	-3.594435e-01	-7.776684e-01
2.030000e+02	2.114325e-01	2.792442e-01	-1.156199e+00	-3.666670e-01	-7.895319e-01
2.040000e+02	2.110415e-01	2.846863e-01	-1.167116e+00	-3.725165e-01	-7.945996e-01
2.050000e+02	2.112430e-01	2.878971e-01	-1.178696e+00	-3.781051e-01	-8.005911e-01
2.060000e+02	2.097671e-01	2.939352e-01	-1.183838e+00	-3.821521e-01	-8.016863e-01
2.070000e+02	2.084832e-01	3.005979e-01	-1.188166e+00	-3.855997e-01	-8.025662e-01
2.080000e+02	2.100403e-01	3.028828e-01	-1.198788e+00	-3.893538e-01	-8.094344e-01
2.090000e+02	2.114666e-01	3.069869e-01	-1.206815e+00	-3.919408e-01	-8.148740e-01
2.100000e+02	2.135882e-01	3.078348e-01	-1.214570e+00	-3.936966e-01	-8.208730e-01
2.110000e+02	2.135051e-01	3.104923e-01	-1.214705e+00	-3.938474e-01	-8.208577e-01
2.120000e+02	2.123756e-01	3.121302e-01	-1.211286e+00	-3.932674e-01	-8.180186e-01
2.130000e+02	2.115745e-01	3.106002e-01	-1.208516e+00	-3.926837e-01	-8.158327e-01
2.140000e+02	2.123442e-01	3.041447e-01	-1.210346e+00	-3.928287e-01	-8.175172e-01
2.150000e+02	2.103170e-01	3.041048e-01	-1.201525e+00	-3.904458e-01	-8.110797e-01
2.160000e+02	2.095684e-01	3.013296e-01	-1.196043e+00	-3.884532e-01	-8.075900e-01
2.170000e+02	2.096849e-01	2.942247e-01	-1.192314e+00	-3.864722e-01	-8.058420e-01
2.180000e+02	2.087146e-01	2.847628e-01	-1.184259e+00	-3.834149e-01	-8.008440e-01
2.190000e+02	2.061748e-01	2.792743e-01	-1.171372e+00	-3.795114e-01	-7.918611e-01
2.200000e+02	2.045709e-01	2.717283e-01	-1.162482e+00	-3.766703e-01	-7.858121e-01
2.210000e+02	2.028163e-01	2.620692e-01	-1.152823e+00	-3.735952e-01	-7.792279e-01
2.220000e+02	2.000833e-01	2.521714e-01	-1.139349e+00	-3.695911e-01	-7.697577e-01
2.230000e+02	1.971238e-01	2.438142e-01	-1.125212e+00	-3.654822e-01	-7.597297e-01
2.240000e+02	1.944528e-01	2.371270e-01	-1.112047e+00	-3.615709e-01	-7.504764e-01
2.250000e+02	1.916973e-01	2.311634e-01	-1.098162e+00	-3.573834e-01	-7.407781e-01
2.260000e+02	1.882590e-01	2.252657e-01	-1.081320e+00	-3.524008e-01	-7.289189e-01
2.270000e+02	1.841003e-01	2.192739e-01	-1.062000e+00	-3.468997e-01	-7.151003e-01
2.280000e+02	1.799190e-01	2.138612e-01	-1.043079e+00	-3.416203e-01	-7.014584e-01
2.290000e+02	1.760610e-01	2.093506e-01	-1.024779e+00	-3.363284e-01	-6.884504e-01
2.300000e+02	1.723926e-01	2.056362e-01	-1.006403e+00	-3.308087e-01	-6.755939e-01
2.310000e+02	1.684848e-01	2.020936e-01	-9.870872e-01	-3.250588e-01	-6.620284e-01
2.320000e+02	1.641423e-01	1.984970e-01	-9.659803e-01	-3.188479e-01	-6.471324e-01
2.330000e+02	1.598198e-01	1.953661e-01	-9.448631e-01	-3.126117e-01	-6.322514e-01
2.340000e+02	1.559362e-01	1.934003e-01	-9.252063e-01	-3.066669e-01	-6.185394e-01
2.350000e+02	1.522807e-01	1.923559e-01	-9.058935e-01	-3.006661e-01	-6.052275e-01
2.360000e+02	1.480651e-01	1.926042e-01	-8.841869e-01	-2.940284e-01	-5.901585e-01
2.370000e+02	1.453704e-01	1.928930e-01	-8.682463e-01	-2.887528e-01	-5.794936e-01
2.380000e+02	1.415913e-01	1.926430e-01	-8.476012e-01	-2.822093e-01	-5.653919e-01
2.390000e+02	1.380545e-01	1.923460e-01	-8.278287e-01	-2.758598e-01	-5.519689e-01
2.400000e+02	1.356055e-01	1.926256e-01	-8.121342e-01	-2.704616e-01	-5.416726e-01
2.410000e+02	1.335029e-01	1.930321e-01	-7.972307e-01	-2.651125e-01	-5.321182e-01
2.420000e+02	1.312951e-01	1.931718e-01	-7.816737e-01	-2.595417e-01	-5.221320e-01
2.430000e+02	1.289660e-01	1.930384e-01	-7.656814e-01	-2.538747e-01	-5.118067e-01
2.440000e+02	1.267040e-01	1.928861e-01	-7.499469e-01	-2.482695e-01	-5.016774e-01
2.450000e+02	1.247052e-01	1.928361e-01	-7.348669e-01	-2.427282e-01	-4.921387e-01
2.460000e+02	1.232210e-01	1.930207e-01	-7.216976e-01	-2.376278e-01	-4.840699e-01
2.470000e+02	1.218753e-01	1.930023e-01	-7.087416e-01	-2.324956e-01	-4.762461e-01
2.480000e+02	1.204994e-01	1.926099e-01	-6.954710e-01	-2.272361e-01	-4.682350e-01
2.490000e+02	1.189685e-01	1.917483e-01	-6.818808e-01	-2.219719e-01	-4.599090e-01
2.500000e+02	1.172219e-01	1.907043e-01	-6.678676e-01	-2.167118e-01	-4.511557e-01
2.510000e+02	1.151923e-01	1.897522e-01	-6.528890e-01	-2.112522e-01	-4.416368e-01
2.520000e+02	1.131202e-01	1.893301e-01	-6.379171e-01	-2.058384e-01	-4.320787e-01
2.530000e+02	1.109795e-01	1.894291e-01	-6.231953e-01	-2.006181e-01	-4.225772e-01
2.540000e+02	1.085265e-01	1.898062e-01	-6.075602e-01	-1.952536e-01	-4.123066e-01
2.550000e+02	1.055108e-01	1.901471e-01	-5.899168e-01	-1.894476e-01	-4.004692e-01
2.560000e+02	1.020792e-01	1.905877e-01	-5.711271e-01	-1.834844e-01	-3.876427e-01
2.570000e+02	1.006865e-01	1.927584e-01	-5.616527e-01	-1.801398e-01	-3.815129e-01
2.580000e+02	9.818623e-02	1.954215e-01	-5.474014e-01	-1.755145e-01	-3.718869e-01
2.590000e+02	9.401392e-02	1.974099e-01	-5.259968e-01	-1.689845e-01	-3.570123e-01
2.600000e+02	8.931307e-02	1.984087e-01	-5.027699e-01	-1.620719e-01	-3.406980e-01
2.610000e+02	8.481509e-02	1.988286e-01	-4.806524e-01	-1.555111e-01	-3.251413e-01
2.620000e+02	8.044927e-02	1.991474e-01	-4.590397e-01	-1.490706e-01	-3.099691e-01
2.630000e+02	7.595299e-02	1.993450e-01	-4.368236e-01	-1.424588e-01	-2.943648e-01
2.640000e+02	7.143017e-02	1.993619e-01	-4.141270e-01	-1.356333e-01	-2.784937e-01
2.650000e+02	6.691924e-02	1.990309e-01	-3.911693e-01	-1.286654e-01	-2.625039e-01
2.660000e+02	6.230491e-02	1.982718e-01	-3.676315e-01	-1.215109e-01	-2.461207e-01
2.670000e+02	5.755281e-02	1.973003e-01	-3.434953e-01	-1.141948e-01	-2.293005e-01
2.680000e+02	5.268878e-02	1.962791e-01	-3.189780e-01	-1.068002e-01	-2.121778e-01
2.690000e+02	4.762305e-02	1.952068e-01	-2.937398e-01	-9.924685e-02	-1.944930e-01
2.700000e+02	4.240460e-02	1.942697e-01	-2.677411e-01	-9.146596e-02	-1.762752e-01
2.710000e+02	3.710525e-02	1.935992e-01	-2.413911e-01	-8.359031e-02	-1.578008e-01
2.720000e+02	3.172051e-02	1.931887e-01	-2.147382e-01	-7.564858e-02	-1.390896e-01
2.730000e+02	2.623765e-02	1.930864e-01	-1.877163e-01	-6.762051e-02	-1.200958e-01
2.740000e+02	2.075751e-02	1.933235e-01	-1.606231e-01	-5.955405e-02	-1.010691e-01
2.750000e+02	1.534635e-02	1.938013e-01	-1.336508e-01	-5.147906e-02	-8.217176e-02
2.760000e+02	1.006657e-02	1.944871e-01	-1.070477e-01	-4.345729e-02	-6.359042e-02
2.770000e+02	4.970406e-03	1.952796e-01	-8.091751e-02	-3.548835e-02	-4.542916e-02
2.780000e+02	1.544877e-04	1.960696e-01	-5.553054e-02	-2.761078e-02	-2.791976e-02
2.790000e+02	-4.373899e-03	1.966666e-01	-3.085631e-02	-1.980205e-02	-1.105425e-02
2.800000e+02	-8.666404e-03	1.968978e-01	-6.787470e-03	-1.206014e-02	5.272669e-03
2.810000e+02	-1.270557e-02	1.966431e-01	1.648951e-02	-4.460815e-03	2.095032e-02
2.820000e+02	-1.645411e-02	1.960086e-01	3.887951e-02	2.985639e-03	3.589387e-02
2.830000e+02	-1.999011e-02	1.949853e-01	6.059897e-02	1.030937e-02	5.028959e-02
2.840000e+02	-2.338586e-02	1.934743e-01	8.182518e-02	1.752673e-02	6.429845e-02
2.850000e+02	-2.654045e-02	1.916045e-01	1.021276e-01	2.452335e-02	7.760426e-02
2.860000e+02	-2.947758e-02	1.895210e-01	1.214283e-01	3.123657e-02	9.019173e-02
2.870000e+02	-3.235957e-02	1.873473e-01	1.403747e-01	3.782779e-02	1.025469e-01
2.880000e+02	-3.525617e-02	1.852995e-01	1.590693e-01	4.427845e-02	1.147908e-01
2.890000e+02	-3.811865e-02	1.836638e-01	1.772365e-01	5.049961e-02	1.267369e-01
2.900000e+02	-4.093116e-02	1.825086e-01	1.948446e-01	5.649115e-02	1.383535e-01
2.910000e+02	-4.366414e-02	1.817305e-01	2.118478e-01	6.225977e-02	1.495881e-01
2.920000e+02	-4.619284e-02	1.813807e-01	2.278559e-01	6.773511e-02	1.601208e-01
2.930000e+02	-4.843508e-02	1.815065e-01	2.426741e-01	7.290199e-02	1.697721e-01
2.940000e+02	-5.040690e-02	1.819610e-01	2.564375e-01	7.781187e-02	1.786257e-01
2.950000e+02	-5.217379e-02	1.826639e-01	2.693087e-01	8.248054e-02	1.868281e-01
2.960000e+02	-5.371081e-02	1.836500e-01	2.811656e-01	8.687199e-02	1.942936e-01
2.970000e+02	-5.491920e-02	1.850320e-01	2.916540e-01	9.090782e-02	2.007462e-01
2.980000e+02	-5.579807e-02	1.867004e-01	3.007813e-01	9.459259e-02	2.061887e-01
2.990000e+02	-5.639122e-02	1.885181e-01	3.087014e-01	9.795946e-02	2.107419e-01
3.000000e+02	-5.676568e-02	1.904067e-01	3.155651e-01	1.010169e-01	2.145482e-01
3.010000e+02	-5.694007e-02	1.923609e-01	3.213840e-01	1.037519e-01	2.176321e-01
3.020000e+02	-5.693670e-02	1.943013e-01	3.262306e-01	1.061786e-01	2.200520e-01
3.030000e+02	-5.684555e-02	1.961585e-01	3.303832e-01	1.083461e-01	2.220372e-01
3.040000e+02	-5.669831e-02	1.979375e-01	3.339090e-01	1.102562e-01	2.236528e-01
3.050000e+02	-5.649762e-02	1.996268e-01	3.367867e-01	1.118958e-01	2.248910e-01
3.060000e+02	-5.624431e-02	2.011624e-01	3.390118e-01	1.132616e-01	2.257502e-01
3.070000e+02	-5.598380e-02	2.024945e-01	3.407628e-01	1.143976e-01	2.263652e-01
3.080000e+02	-5.580862e-02	2.036909e-01	3.423151e-01	1.153489e-01	2.269662e-01
3.090000e+02	-5.577886e-02	2.048073e-01	3.438420e-01	1.161421e-01	2.276998e-01
3.100000e+02	-5.596724e-02	2.059360e-01	3.455705e-01	1.168180e-01	2.287525e-01
3.110000e+02	-5.638618e-02	2.070756e-01	3.475670e-01	1.173973e-01	2.301697e-01
3.120000e+02	-5.703319e-02	2.082529e-01	3.498854e-01	1.179095e-01	2.319759e-01
3.130000e+02	-5.787081e-02	2.093996e-01	3.523590e-01	1.183087e-01	2.340503e-01
3.140000e+02	-5.888959e-02	2.104306e-01	3.549293e-01	1.185751e-01	2.363542e-01
3.150000e+02	-6.010867e-02	2.113499e-01	3.577951e-01	1.187889e-01	2.390062e-01
3.160000e+02	-6.154934e-02	2.122588e-01	3.611615e-01	1.190314e-01	2.421301e-01
3.170000e+02	-6.322963e-02	2.132143e-01	3.651925e-01	1.193666e-01	2.458259e-01
3.180000e+02	-6.510772e-02	2.141488e-01	3.698255e-01	1.198050e-01	2.500205e-01
3.190000e+02	-6.713075e-02	2.150283e-01	3.749879e-01	1.203632e-01	2.546247e-01
3.200000e+02	-6.922447e-02	2.157820e-01	3.805788e-01	1.210649e-01	2.595139e-01
3.210000e+02	-7.134473e-02	2.163579e-01	3.866376e-01	1.219741e-01	2.646635e-01
3.220000e+02	-7.344069e-02	2.167032e-01	3.928521e-01	1.229854e-01	2.698668e-01
3.230000e+02	-7.546904e-02	2.168200e-01	3.988711e-01	1.239665e-01	2.749046e-01
3.240000e+02	-7.743775e-02	2.167896e-01	4.046877e-01	1.249061e-01	2.797816e-01
3.250000e+02	-7.936411e-02	2.167193e-01	4.104106e-01	1.258412e-01	2.845694e-01
3.260000e+02	-8.125654e-02	2.166978e-01	4.160285e-01	1.267577e-01	2.892708e-01
3.270000e+02	-8.304370e-02	2.166606e-01	4.213877e-01	1.276501e-01	2.937376e-01
3.280000e+02	-8.464321e-02	2.165393e-01	4.264968e-01	1.286052e-01	2.978916e-01
3.290000e+02	-8.596772e-02	2.162532e-01	4.308361e-01	1.294503e-01	3.013858e-01
3.300000e+02	-8.696911e-02	2.157854e-01	4.341609e-01	1.301113e-01	3.040496e-01
3.310000e+02	-8.766068e-02	2.152475e-01	4.366098e-01	1.306442e-01	3.059656e-01
3.320000e+02	-8.801358e-02	2.146978e-01	4.379427e-01	1.309578e-01	3.069849e-01
3.330000e+02	-8.802406e-02	2.141781e-01	4.381187e-01	1.310353e-01	3.070834e-01
3.340000e+02	-8.768723e-02	2.137208e-01	4.371190e-01	1.308723e-01	3.062467e-01
3.350000e+02	-8.701636e-02	2.133680e-01	4.349674e-01	1.304673e-01	3.045001e-01
3.360000e+02	-8.586450e-02	2.130206e-01	4.311788e-01	1.297249e-01	3.014539e-01
3.370000e+02	-8.417655e-02	2.126679e-01	4.256512e-01	1.286491e-01	2.970022e-01
3.380000e+02	-8.204823e-02	2.123532e-01	4.187636e-01	1.273336e-01	2.914300e-01
3.390000e+02	-7.951699e-02	2.120446e-01	4.104198e-01	1.256929e-01	2.847269e-01
3.400000e+02	-7.659574e-02	2.117215e-01	4.004918e-01	1.236501e-01	2.768416e-01
3.410000e+02	-7.329793e-02	2.114126e-01	3.889891e-01	1.211966e-01	2.677925e-01
3.420000e+02	-6.963231e-02	2.111082e-01	3.759753e-01	1.183553e-01	2.576199e-01
3.430000e+02	-6.566572e-02	2.109091e-01	3.614639e-01	1.150662e-01	2.463977e-01
3.440000e+02	-6.143317e-02	2.108660e-01	3.454954e-01	1.113146e-01	2.341809e-01
3.450000e+02	-5.696153e-02	2.110087e-01	3.283894e-01	1.072332e-01	2.211562e-01
3.460000e+02	-5.223374e-02	2.112656e-01	3.102615e-01	1.028970e-01	2.073645e-01
3.470000e+02	-4.721004e-02	2.114907e-01	2.907011e-01	9.814049e-02	1.925606e-01
3.480000e+02	-4.195267e-02	2.116388e-01	2.696944e-01	9.289452e-02	1.767999e-01
3.490000e+02	-3.657855e-02	2.117704e-01	2.475170e-01	8.717993e-02	1.603370e-01
3.500000e+02	-3.115554e-02	2.119559e-01	2.245232e-01	8.110607e-02	1.434171e-01
3.510000e+02	-2.569385e-02	2.122108e-01	2.010171e-01	7.481470e-02	1.262024e-01
3.520000e+02	-2.016635e-02	2.125270e-01	1.771912e-01	6.842927e-02	1.087620e-01
3.530000e+02	-1.449331e-02	2.127324e-01	1.525104e-01	6.176189e-02	9.074851e-02
3.540000e+02	-9.479802e-03	2.127031e-01	1.295415e-01	5.529093e-02	7.425053e-02
3.550000e+02	-3.034061e-03	2.126253e-01	1.002993e-01	4.711558e-02	5.318370e-02
3.560000e+02	2.375400e-03	2.123762e-01	7.477266e-02	3.976173e-02	3.501093e-02
3.570000e+02	7.447177e-03	2.120792e-01	5.033749e-02	3.261592e-02	1.772157e-02
3.580000e+02	1.277099e-02	2.116258e-01	2.456934e-02	2.505567e-02	-4.863240e-04
3.590000e+02	1.821457e-02	2.107585e-01	-1.883363e-03	1.727289e-02	-1.915625e-02
3.600000e+02	2.338331e-02	2.095028e-01	-2.731163e-02	9.727496e-03	-3.703913e-02
3.610000e+02	2.807675e-02	2.079897e-01	-5.132184e-02	2.415831e-03	-5.373768e-02
3.620000e+02	3.236383e-02	2.062912e-01	-7.427080e-02	-4.771565e-03	-6.949923e-02
3.630000e+02	3.634819e-02	2.043407e-01	-9.642252e-02	-1.186307e-02	-8.455945e-02
3.640000e+02	4.004226e-02	2.020185e-01	-1.177168e-01	-1.881614e-02	-9.890065e-02
3.650000e+02	4.346798e-02	1.993540e-01	-1.382106e-01	-2.563733e-02	-1.125733e-01
3.660000e+02	4.651672e-02	1.964442e-01	-1.573688e-01	-3.216770e-02	-1.252011e-01
3.670000e+02	4.918548e-02	1.932825e-01	-1.751922e-01	-3.841060e-02	-1.367816e-01
3.680000e+02	5.150709e-02	1.898633e-01	-1.917757e-01	-4.438076e-02	-1.473949e-01
3.690000e+02	5.352457e-02	1.863178e-01	-2.071590e-01	-5.005494e-02	-1.571041e-01
3.700000e+02	5.530820e-02	1.826863e-01	-2.215586e-01	-5.547109e-02	-1.660875e-01
3.710000e+02	5.682723e-02	1.791254e-01	-2.348420e-01	-6.059376e-02	-1.742482e-01
3.720000e+02	5.804715e-02	1.759041e-01	-2.469805e-01	-6.544312e-02	-1.815374e-01
3.730000e+02	5.897844e-02	1.731138e-01	-2.578656e-01	-6.995433e-02	-1.879112e-01
3.740000e+02	5.968106e-02	1.707474e-01	-2.677748e-01	-7.420633e-02	-1.935684e-01
3.750000e+02	6.017027e-02	1.687925e-01	-2.766416e-01	-7.815053e-02	-1.984911e-01
3.760000e+02	6.047363e-02	1.672213e-01	-2.845042e-01	-8.177845e-02	-2.027257e-01
3.770000e+02	6.196026e-02	1.656625e-01	-2.961765e-01	-8.612799e-02	-2.100485e-01
3.780000e+02	6.198099e-02	1.649993e-01	-3.018778e-01	-8.895789e-02	-2.129199e-01
3.790000e+02	6.242696e-02	1.642727e-01	-3.092254e-01	-9.218573e-02	-2.170397e-01
3.800000e+02	6.289889e-02	1.638702e-01	-3.164717e-01	-9.533696e-02	-2.211347e-01
3.810000e+02	6.306730e-02	1.639630e-01	-3.222402e-01	-9.805281e-02	-2.241874e-01
3.820000e+02	6.295019e-02	1.643295e-01	-3.267329e-01	-1.004163e-01	-2.263166e-01
3.830000e+02	6.275434e-02	1.647440e-01	-3.308282e-01	-1.026597e-01	-2.281684e-01
3.840000e+02	6.262333e-02	1.652231e-01	-3.349398e-01	-1.048466e-01	-2.300932e-01
3.850000e+02	6.257909e-02	1.658934e-01	-3.389776e-01	-1.069097e-01	-2.320679e-01
3.860000e+02	6.262390e-02	1.667397e-01	-3.429172e-01	-1.088347e-01	-2.340825e-01
3.870000e+02	6.273559e-02	1.676955e-01	-3.467494e-01	-1.106391e-01	-2.361103e-01
3.880000e+02	6.292100e-02	1.686531e-01	-3.505615e-01	-1.123597e-01	-2.382017e-01
3.890000e+02	6.318893e-02	1.695817e-01	-3.543930e-01	-1.140076e-01	-2.403855e-01
3.900000e+02	6.353189e-02	1.705203e-01	-3.582449e-01	-1.155906e-01	-2.426543e-01
3.910000e+02	6.395215e-02	1.715012e-01	-3.621456e-01	-1.171207e-01	-2.450250e-01
3.920000e+02	6.446817e-02	1.725167e-01	-3.661764e-01	-1.186200e-01	-2.475563e-01
3.930000e+02	6.511370e-02	1.735270e-01	-3.704610e-01	-1.201168e-01	-2.503442e-01
3.940000e+02	6.589768e-02	1.745076e-01	-3.750324e-01	-1.216185e-01	-2.534139e-01
3.950000e+02	6.680554e-02	1.754385e-01	-3.798563e-01	-1.231226e-01	-2.567337e-01
3.960000e+02	6.781701e-02	1.763299e-01	-3.848953e-01	-1.246306e-01	-2.602647e-01
3.970000e+02	6.892917e-02	1.771923e-01	-3.901528e-01	-1.261472e-01	-2.640056e-01
3.980000e+02	7.014300e-02	1.780046e-01	-3.956510e-01	-1.276825e-01	-2.679685e-01
3.990000e+02	7.145038e-02	1.787446e-01	-4.013874e-01	-1.292433e-01	-2.721441e-01
4.000000e+02	7.283898e-02	1.794221e-01	-4.073337e-01	-1.308278e-01	-2.765058e-01
4.010000e+02	7.431513e-02	1.800428e-01	-4.135161e-01	-1.324429e-01	-2.810732e-01
4.020000e+02	7.588560e-02	1.805948e-01	-4.199871e-01	-1.341079e-01	-2.858791e-01
4.030000e+02	7.753290e-02	1.810079e-01	-4.266832e-01	-1.358087e-01	-2.908745e-01
4.040000e+02	7.923698e-02	1.812396e-01	-4.335600e-01	-1.375430e-01	-2.960170e-01
4.050000e+02	8.097132e-02	1.813142e-01	-4.405473e-01	-1.393024e-01	-3.012450e-01
4.060000e+02	8.271095e-02	1.812622e-01	-4.475700e-01	-1.410741e-01	-3.064960e-01
4.070000e+02	8.445507e-02	1.810714e-01	-4.546393e-01	-1.428646e-01	-3.117747e-01
4.080000e+02	8.620780e-02	1.806964e-01	-4.617753e-01	-1.446799e-01	-3.170955e-01
4.090000e+02	8.794266e-02	1.801307e-01	-4.688911e-01	-1.465029e-01	-3.223882e-01
4.100000e+02	8.967677e-02	1.793849e-01	-4.760274e-01	-1.483369e-01	-3.276905e-01
4.110000e+02	9.138360e-02	1.785116e-01	-4.830957e-01	-1.501642e-01	-3.329314e-01
4.120000e+02	9.300997e-02	1.775790e-01	-4.899362e-01	-1.519581e-01	-3.379780e-01
4.130000e+02	9.453554e-02	1.766194e-01	-4.965082e-01	-1.537186e-01	-3.427896e-01
4.140000e+02	9.594977e-02	1.756556e-01	-5.027602e-01	-1.554303e-01	-3.473299e-01
4.150000e+02	9.724375e-02	1.747073e-01	-5.086145e-01	-1.570635e-01	-3.515510e-01
4.160000e+02	9.838523e-02	1.738285e-01	-5.139484e-01	-1.585890e-01	-3.553594e-01
4.170000e+02	9.935411e-02	1.730533e-01	-5.186968e-01	-1.599943e-01	-3.587025e-01
4.180000e+02	1.001424e-01	1.723912e-01	-5.228369e-01	-1.612760e-01	-3.615609e-01
4.190000e+02	1.007358e-01	1.718742e-01	-5.262672e-01	-1.623978e-01	-3.638694e-01
4.200000e+02	1.011091e-01	1.715443e-01	-5.288794e-01	-1.633306e-01	-3.655489e-01
4.210000e+02	1.012328e-01	1.714465e-01	-5.305755e-01	-1.640550e-01	-3.665206e-01
4.220000e+02	1.010979e-01	1.715727e-01	-5.313447e-01	-1.645744e-01	-3.667703e-01
4.230000e+02	1.006882e-01	1.718875e-01	-5.310137e-01	-1.648187e-01	-3.661950e-01
4.240000e+02	9.999849e-02	1.724117e-01	-5.294816e-01	-1.647423e-01	-3.647393e-01
4.250000e+02	9.905076e-02	1.731382e-01	-5.268027e-01	-1.643506e-01	-3.624521e-01
4.260000e+02	9.786205e-02	1.740413e-01	-5.230184e-01	-1.636471e-01	-3.593712e-01
4.270000e+02	9.642748e-02	1.751124e-01	-5.180984e-01	-1.626217e-01	-3.554767e-01
4.280000e+02	9.474170e-02	1.763002e-01	-5.120148e-01	-1.612657e-01	-3.507491e-01
4.290000e+02	9.281734e-02	1.775919e-01	-5.048033e-01	-1.595843e-01	-3.452190e-01
4.300000e+02	9.067191e-02	1.789565e-01	-4.965259e-01	-1.575910e-01	-3.389349e-01
4.310000e+02	8.832012e-02	1.803786e-01	-4.872775e-01	-1.553186e-01	-3.319589e-01
4.320000e+02	8.576490e-02	1.818079e-01	-4.771336e-01	-1.528019e-01	-3.243317e-01
4.330000e+02	8.295714e-02	1.831942e-01	-4.658242e-01	-1.499550e-01	-3.158693e-01
4.340000e+02	7.991381e-02	1.845418e-01	-4.533930e-01	-1.467827e-01	-3.066103e-01
4.350000e+02	7.667973e-02	1.859138e-01	-4.399257e-01	-1.432831e-01	-2.966426e-01
4.360000e+02	7.356537e-02	1.864003e-01	-4.263086e-01	-1.395889e-01	-2.867197e-01
4.370000e+02	6.952366e-02	1.878068e-01	-4.087354e-01	-1.348440e-01	-2.738914e-01
4.380000e+02	6.548814e-02	1.899031e-01	-3.914134e-01	-1.302185e-01	-2.611948e-01
4.390000e+02	6.225174e-02	1.912472e-01	-3.769694e-01	-1.262330e-01	-2.507364e-01
4.400000e+02	5.855097e-02	1.922539e-01	-3.600382e-01	-1.214681e-01	-2.385701e-01
4.410000e+02	5.367126e-02	1.942600e-01	-3.385263e-01	-1.155919e-01	-2.229344e-01
4.420000e+02	4.975112e-02	1.959183e-01	-3.209181e-01	-1.107079e-01	-2.102102e-01
4.430000e+02	4.611533e-02	1.973684e-01	-3.039797e-01	-1.058745e-01	-1.981052e-01
4.440000e+02	4.207693e-02	1.988358e-01	-2.848499e-01	-1.003480e-01	-1.845019e-01
4.450000e+02	3.784893e-02	2.004274e-01	-2.647524e-01	-9.452728e-02	-1.702251e-01
4.460000e+02	3.387175e-02	2.020477e-01	-2.456231e-01	-8.893979e-02	-1.566833e-01
4.470000e+02	3.026421e-02	2.035920e-01	-2.276570e-01	-8.356430e-02	-1.440927e-01
4.480000e+02	2.687691e-02	2.049774e-01	-2.100585e-01	-7.815234e-02	-1.319062e-01
4.490000e+02	2.366085e-02	2.061324e-01	-1.927775e-01	-7.272791e-02	-1.200496e-01
4.500000e+02	1.788638e-02	2.076778e-01	-1.649323e-01	-6.457977e-02	-1.003525e-01
4.510000e+02	1.351545e-02	2.083711e-01	-1.430706e-01	-5.801984e-02	-8.505074e-02
4.520000e+02	1.124441e-02	2.083569e-01	-1.292845e-01	-5.339782e-02	-7.588665e-02
4.530000e+02	9.551049e-03	2.083737e-01	-1.169756e-01	-4.893673e-02	-6.803883e-02
4.540000e+02	7.654339e-03	2.087257e-01	-1.034245e-01	-4.405791e-02	-5.936659e-02
4.550000e+02	5.781481e-03	2.091752e-01	-9.017677e-02	-3.930691e-02	-5.086987e-02
4.560000e+02	4.076406e-03	2.093930e-01	-7.788958e-02	-3.486839e-02	-4.302120e-02
4.570000e+02	2.494249e-03	2.093233e-01	-6.609206e-02	-3.055178e-02	-3.554028e-02
4.580000e+02	1.115042e-03	2.091749e-01	-5.492685e-02	-2.634838e-02	-2.857847e-02
4.590000e+02	2.187586e-03	2.087309e-01	-5.368793e-02	-2.465638e-02	-2.903155e-02
4.600000e+02	2.850848e-03	2.086221e-01	-5.008116e-02	-2.218973e-02	-2.789143e-02
4.610000e+02	2.286058e-03	2.086897e-01	-4.143807e-02	-1.843298e-02	-2.300509e-02
4.620000e+02	1.351692e-03	2.084536e-01	-3.204025e-02	-1.466843e-02	-1.737182e-02
4.630000e+02	7.484883e-04	2.078115e-01	-2.454665e-02	-1.152484e-02	-1.302181e-02
4.640000e+02	-4.711608e-04	2.070097e-01	-1.503573e-02	-7.989025e-03	-7.046704e-03
4.650000e+02	-3.948931e-04	2.060436e-01	-1.064516e-02	-5.717475e-03	-4.927689e-03
4.660000e+02	-6.321638e-04	2.051155e-01	-4.986332e-03	-3.125330e-03	-1.861002e-03
4.670000e+02	-9.059082e-04	2.042061e-01	6.403548e-04	-5.857308e-04	1.226086e-03
4.680000e+02	-9.815640e-04	2.033147e-01	5.312688e-03	1.674780e-03	3.637908e-03
4.690000e+02	-8.818682e-04	2.025364e-01	9.265914e-03	3.751089e-03	5.514825e-03
4.700000e+02	-7.488811e-04	2.019429e-01	1.296598e-02	5.734109e-03	7.231871e-03
4.710000e+02	-6.781876e-04	2.015094e-01	1.658964e-02	7.616635e-03	8.973010e-03
4.720000e+02	-6.577937e-04	2.011886e-01	1.997342e-02	9.328917e-03	1.064450e-02
4.730000e+02	-6.657068e-04	2.009330e-01	2.311226e-02	1.089042e-02	1.222184e-02
4.740000e+02	-7.004820e-04	2.007106e-01	2.609866e-02	1.234885e-02	1.374981e-02
4.750000e+02	-7.616068e-04	2.005375e-01	2.896421e-02	1.372050e-02	1.524371e-02
4.760000e+02	-8.598329e-04	2.004356e-01	3.173470e-02	1.500752e-02	1.672718e-02
4.770000e+02	-9.923934e-04	2.004046e-01	3.446400e-02	1.623961e-02	1.822439e-02
4.780000e+02	-1.149708e-03	2.004101e-01	3.714881e-02	1.742470e-02	1.972411e-02
4.790000e+02	-1.329939e-03	2.004188e-01	3.977486e-02	1.855749e-02	2.121737e-02
4.800000e+02	-1.550205e-03	2.004090e-01	4.237800e-02	1.963879e-02	2.273920e-02
4.810000e+02	-1.841879e-03	2.003632e-01	4.506477e-02	2.069051e-02	2.437427e-02
4.820000e+02	-2.217889e-03	2.002616e-01	4.789088e-02	2.172755e-02	2.616333e-02
4.830000e+02	-2.673662e-03	2.001082e-01	5.085180e-02	2.275224e-02	2.809956e-02
4.840000e+02	-3.213226e-03	1.999152e-01	5.396834e-02	2.377094e-02	3.019739e-02
4.850000e+02	-3.848574e-03	1.996926e-01	5.728193e-02	2.479239e-02	3.248954e-02
4.860000e+02	-4.597473e-03	1.994532e-01	6.086542e-02	2.583524e-02	3.503018e-02
4.870000e+02	-5.471745e-03	1.992102e-01	6.477088e-02	2.691369e-02	3.785718e-02
4.880000e+02	-6.473990e-03	1.989582e-01	6.901340e-02	2.803271e-02	4.098069e-02
4.890000e+02	-7.603120e-03	1.987068e-01	7.359466e-02	2.919421e-02	4.440045e-02
4.900000e+02	-8.851471e-03	1.984652e-01	7.849794e-02	3.039750e-02	4.810044e-02
4.910000e+02	-1.021292e-02	1.982489e-01	8.371326e-02	3.164370e-02	5.206955e-02
4.920000e+02	-1.167628e-02	1.980602e-01	8.921504e-02	3.293124e-02	5.628380e-02
4.930000e+02	-1.322905e-02	1.979028e-01	9.497614e-02	3.425902e-02	6.071712e-02
4.940000e+02	-1.486351e-02	1.977760e-01	1.009984e-01	3.563567e-02	6.536270e-02
4.950000e+02	-1.656326e-02	1.976773e-01	1.072368e-01	3.705515e-02	7.018167e-02
4.960000e+02	-1.830572e-02	1.976075e-01	1.135962e-01	3.849238e-02	7.510381e-02
4.970000e+02	-2.007692e-02	1.975742e-01	1.200615e-01	3.995383e-02	8.010767e-02
4.980000e+02	-2.186790e-02	1.975734e-01	1.266150e-01	4.143961e-02	8.517542e-02
4.990000e+02	-2.365578e-02	1.975976e-01	1.332185e-01	4.295347e-02	9.026502e-02
5.000000e+02	-2.542343e-02	1.976402e-01	1.398457e-01	4.449944e-02	9.534630e-02
5.010000e+02	-2.714044e-02	1.976742e-01	1.463983e-01	4.605870e-02	1.003396e-01
5.020000e+02	-2.879084e-02	1.976736e-01	1.528301e-01	4.762423e-02	1.052059e-01
5.030000e+02	-3.037629e-02	1.976135e-01	1.591620e-01	4.920472e-02	1.099573e-01
5.040000e+02	-3.188130e-02	1.974635e-01	1.653571e-01	5.079726e-02	1.145599e-01
5.050000e+02	-3.332531e-02	1.972014e-01	1.714541e-01	5.240172e-02	1.190523e-01
5.060000e+02	-3.473426e-02	1.968394e-01	1.774960e-01	5.401374e-02	1.234823e-01
5.070000e+02	-3.610777e-02	1.963964e-01	1.834472e-01	5.561582e-02	1.278314e-01
5.080000e+02	-3.742833e-02	1.959078e-01	1.892343e-01	5.718882e-02	1.320455e-01
5.090000e+02	-3.868395e-02	1.954088e-01	1.948171e-01	5.872462e-02	1.360925e-01
5.100000e+02	-3.988024e-02	1.949205e-01	2.002110e-01	6.022528e-02	1.399858e-01
5.110000e+02	-4.100345e-02	1.944335e-01	2.053540e-01	6.167356e-02	1.436805e-01
5.120000e+02	-4.205274e-02	1.939565e-01	2.102129e-01	6.305372e-02	1.471592e-01
5.130000e+02	-4.302388e-02	1.935333e-01	2.147420e-01	6.434712e-02	1.503949e-01
5.140000e+02	-4.389412e-02	1.931906e-01	2.188542e-01	6.553299e-02	1.533212e-01
5.150000e+02	-4.463871e-02	1.929206e-01	2.225129e-01	6.661773e-02	1.558951e-01
5.160000e+02	-4.522989e-02	1.927213e-01	2.255845e-01	6.756234e-02	1.580221e-01
5.170000e+02	-4.565745e-02	1.926327e-01	2.279652e-01	6.832514e-02	1.596400e-01
5.180000e+02	-4.591103e-02	1.926961e-01	2.296260e-01	6.890197e-02	1.607240e-01
5.190000e+02	-4.598211e-02	1.929126e-01	2.305851e-01	6.931045e-02	1.612747e-01
5.200000e+02	-4.585490e-02	1.932675e-01	2.307956e-01	6.954288e-02	1.612527e-01
5.210000e+02	-4.550403e-02	1.937259e-01	2.301173e-01	6.955461e-02	1.605627e-01
5.220000e+02	-4.490245e-02	1.942837e-01	2.284490e-01	6.932203e-02	1.591269e-01
5.230000e+02	-4.382665e-02	1.952637e-01	2.250406e-01	6.869365e-02	1.563469e-01
5.240000e+02	-4.218337e-02	1.964560e-01	2.195112e-01	6.757224e-02	1.519390e-01
5.250000e+02	-4.021953e-02	1.975521e-01	2.129474e-01	6.625419e-02	1.466932e-01
5.260000e+02	-3.818211e-02	1.983748e-01	2.061527e-01	6.489423e-02	1.412585e-01
5.270000e+02	-3.605215e-02	1.989952e-01	1.988337e-01	6.336470e-02	1.354690e-01
5.280000e+02	-3.369669e-02	1.996117e-01	1.903971e-01	6.150185e-02	1.288952e-01
5.290000e+02	-3.108580e-02	2.002951e-01	1.807427e-01	5.928554e-02	1.214571e-01
5.300000e+02	-2.828154e-02	2.010177e-01	1.701532e-01	5.679508e-02	1.133582e-01
5.310000e+02	-2.533648e-02	2.016474e-01	1.587762e-01	5.405159e-02	1.047246e-01
5.320000e+02	-2.226031e-02	2.021034e-01	1.466830e-01	5.108116e-02	9.560179e-02
5.330000e+02	-1.907340e-02	2.023844e-01	1.340102e-01	4.793171e-02	8.607852e-02
5.340000e+02	-1.580034e-02	2.024831e-01	1.207688e-01	4.458407e-02	7.618475e-02
5.350000e+02	-1.248073e-02	2.024204e-01	1.069946e-01	4.101654e-02	6.597801e-02
5.360000e+02	-9.147612e-03	2.022289e-01	9.280730e-02	3.725604e-02	5.555126e-02
5.370000e+02	-5.801224e-03	2.019385e-01	7.819142e-02	3.329448e-02	4.489693e-02
5.380000e+02	-2.439290e-03	2.015378e-01	6.314160e-02	2.913151e-02	3.401009e-02
5.390000e+02	9.443965e-04	2.010209e-01	4.771486e-02	2.480183e-02	2.291303e-02
5.400000e+02	4.326933e-03	2.004549e-01	3.209250e-02	2.037318e-02	1.171932e-02
5.410000e+02	7.705895e-03	1.998831e-01	1.624665e-02	1.582922e-02	4.174307e-04
5.420000e+02	1.103668e-02	1.993503e-01	4.825796e-04	1.127797e-02	-1.079539e-02
5.430000e+02	1.434124e-02	1.988362e-01	-1.532793e-02	6.677279e-03	-2.200521e-02
5.440000e+02	1.761122e-02	1.983030e-01	-3.120189e-02	2.010277e-03	-3.321217e-02
5.450000e+02	2.080335e-02	1.977207e-01	-4.694145e-02	-2.667369e-03	-4.427408e-02
5.460000e+02	2.387548e-02	1.971082e-01	-6.235957e-02	-7.304306e-03	-5.505526e-02
5.470000e+02	2.677890e-02	1.964553e-01	-7.738875e-02	-1.191548e-02	-6.547328e-02
5.480000e+02	2.950946e-02	1.957076e-01	-9.203262e-02	-1.650685e-02	-7.552577e-02
5.490000e+02	3.205966e-02	1.948038e-01	-1.061228e-01	-2.100172e-02	-8.512105e-02
5.500000e+02	3.446164e-02	1.937146e-01	-1.197657e-01	-2.542123e-02	-9.434450e-02
5.510000e+02	3.670330e-02	1.925147e-01	-1.328625e-01	-2.972793e-02	-1.031345e-01
5.520000e+02	3.879392e-02	1.912441e-01	-1.454396e-01	-3.392590e-02	-1.115137e-01
5.530000e+02	4.071400e-02	1.898871e-01	-1.574289e-01	-3.800047e-02	-1.194285e-01
5.540000e+02	4.241417e-02	1.883214e-01	-1.685888e-01	-4.188023e-02	-1.267086e-01
5.550000e+02	4.387930e-02	1.864511e-01	-1.790108e-01	-4.562611e-02	-1.333847e-01
5.560000e+02	4.511282e-02	1.842742e-01	-1.887554e-01	-4.926488e-02	-1.394905e-01
5.570000e+02	4.612898e-02	1.819314e-01	-1.977953e-01	-5.276867e-02	-1.450266e-01
5.580000e+02	4.696155e-02	1.795759e-01	-2.061451e-01	-5.611098e-02	-1.500341e-01
5.590000e+02	4.764219e-02	1.773080e-01	-2.138709e-01	-5.929325e-02	-1.545776e-01
5.600000e+02	4.819703e-02	1.752462e-01	-2.210074e-01	-6.230669e-02	-1.587007e-01
5.610000e+02	4.864189e-02	1.735472e-01	-2.275295e-01	-6.512287e-02	-1.624067e-01
5.620000e+02	4.900379e-02	1.722139e-01	-2.334984e-01	-6.774539e-02	-1.657530e-01
5.630000e+02	4.926646e-02	1.712060e-01	-2.388122e-01	-7.013965e-02	-1.686726e-01
5.640000e+02	4.938904e-02	1.704817e-01	-2.433201e-01	-7.227099e-02	-1.710491e-01
5.650000e+02	4.935721e-02	1.699952e-01	-2.470516e-01	-7.416860e-02	-1.728830e-01
5.660000e+02	4.915727e-02	1.697653e-01	-2.499865e-01	-7.583599e-02	-1.741505e-01
5.670000e+02	4.879230e-02	1.698237e-01	-2.521099e-01	-7.726266e-02	-1.748473e-01
5.680000e+02	4.829229e-02	1.701203e-01	-2.534913e-01	-7.845335e-02	-1.750379e-01
5.690000e+02	4.767367e-02	1.705840e-01	-2.541794e-01	-7.941604e-02	-1.747634e-01
5.700000e+02	4.693180e-02	1.711493e-01	-2.541643e-01	-8.015036e-02	-1.740140e-01
5.710000e+02	4.609571e-02	1.717282e-01	-2.535945e-01	-8.070154e-02	-1.728929e-01
5.720000e+02	4.518494e-02	1.722531e-01	-2.525728e-01	-8.110146e-02	-1.714713e-01
5.730000e+02	4.469087e-02	1.728869e-01	-2.529307e-01	-8.177450e-02	-1.711562e-01
5.740000e+02	4.423063e-02	1.735633e-01	-2.532096e-01	-8.237417e-02	-1.708354e-01
5.750000e+02	4.312220e-02	1.738380e-01	-2.508114e-01	-8.228350e-02	-1.685279e-01
5.760000e+02	4.201875e-02	1.739774e-01	-2.483672e-01	-8.216483e-02	-1.662023e-01
5.770000e+02	4.109284e-02	1.740574e-01	-2.465914e-01	-8.220288e-02	-1.643886e-01
5.780000e+02	4.030970e-02	1.742596e-01	-2.451934e-01	-8.228701e-02	-1.629064e-01
5.790000e+02	3.952947e-02	1.745792e-01	-2.435276e-01	-8.223434e-02	-1.612933e-01
5.800000e+02	3.872999e-02	1.748067e-01	-2.415342e-01	-8.203710e-02	-1.594971e-01
5.810000e+02	3.803059e-02	1.748531e-01	-2.397182e-01	-8.182853e-02	-1.578897e-01
5.820000e+02	3.753150e-02	1.748584e-01	-2.384266e-01	-8.168178e-02	-1.567448e-01
5.830000e+02	3.721772e-02	1.750370e-01	-2.375580e-01	-8.156131e-02	-1.559967e-01
5.840000e+02	3.703924e-02	1.754977e-01	-2.369454e-01	-8.143348e-02	-1.555120e-01
5.850000e+02	3.697795e-02	1.761607e-01	-2.365694e-01	-8.130673e-02	-1.552626e-01
5.860000e+02	3.708115e-02	1.768773e-01	-2.366016e-01	-8.121964e-02	-1.553819e-01
5.870000e+02	3.734608e-02	1.775343e-01	-2.370259e-01	-8.116687e-02	-1.558590e-01
5.880000e+02	3.773546e-02	1.781479e-01	-2.376864e-01	-8.110774e-02	-1.565787e-01
5.890000e+02	3.824556e-02	1.788401e-01	-2.386129e-01	-8.106089e-02	-1.575520e-01
5.900000e+02	3.890389e-02	1.796942e-01	-2.399890e-01	-8.109060e-02	-1.588984e-01
5.910000e+02	3.968703e-02	1.806420e-01	-2.417447e-01	-8.118529e-02	-1.605594e-01
5.920000e+02	4.053045e-02	1.815503e-01	-2.436382e-01	-8.128863e-02	-1.623495e-01
5.930000e+02	4.141975e-02	1.823940e-01	-2.456306e-01	-8.139557e-02	-1.642351e-01
5.940000e+02	4.238558e-02	1.832495e-01	-2.478812e-01	-8.155500e-02	-1.663262e-01
5.950000e+02	4.342700e-02	1.841208e-01	-2.504258e-01	-8.178591e-02	-1.686399e-01
5.960000e+02	4.451500e-02	1.849481e-01	-2.531873e-01	-8.207867e-02	-1.711087e-01
5.970000e+02	4.562744e-02	1.856792e-01	-2.561245e-01	-8.243482e-02	-1.736897e-01
5.980000e+02	4.676228e-02	1.862695e-01	-2.592968e-01	-8.288613e-02	-1.764107e-01
5.990000e+02	4.790571e-02	1.866981e-01	-2.626503e-01	-8.341946e-02	-1.792309e-01
6.000000e+02	4.904536e-02	1.869268e-01	-2.661358e-01	-8.402256e-02	-1.821133e-01
6.010000e+02	5.019361e-02	1.869228e-01	-2.698123e-01	-8.471253e-02	-1.850998e-01
6.020000e+02	5.135414e-02	1.866853e-01	-2.737171e-01	-8.550439e-02	-1.882127e-01
6.030000e+02	5.250576e-02	1.861995e-01	-2.777669e-01	-8.637769e-02	-1.913892e-01
6.040000e+02	5.368292e-02	1.854626e-01	-2.820510e-01	-8.734257e-02	-1.947084e-01
6.050000e+02	5.492905e-02	1.844966e-01	-2.866635e-01	-8.840272e-02	-1.982608e-01
6.060000e+02	5.625423e-02	1.833476e-01	-2.915879e-01	-8.953974e-02	-2.020482e-01
6.070000e+02	5.763607e-02	1.820649e-01	-2.967583e-01	-9.074308e-02	-2.060152e-01
6.080000e+02	5.905238e-02	1.807104e-01	-3.020870e-01	-9.199112e-02	-2.100959e-01
6.090000e+02	6.049514e-02	1.793408e-01	-3.075383e-01	-9.327402e-02	-2.142643e-01
6.100000e+02	6.196500e-02	1.780571e-01	-3.130954e-01	-9.458270e-02	-2.185127e-01
6.110000e+02	6.341690e-02	1.768814e-01	-3.185808e-01	-9.587352e-02	-2.227073e-01
6.120000e+02	6.479764e-02	1.757999e-01	-3.238116e-01	-9.710815e-02	-2.267034e-01
6.130000e+02	6.608948e-02	1.748446e-01	-3.287381e-01	-9.827960e-02	-2.304586e-01
6.140000e+02	6.728765e-02	1.740768e-01	-3.333444e-01	-9.938453e-02	-2.339598e-01
6.150000e+02	6.835794e-02	1.735151e-01	-3.375178e-01	-1.004010e-01	-2.371168e-01
6.160000e+02	6.924620e-02	1.731372e-01	-3.410941e-01	-1.013009e-01	-2.397933e-01
6.170000e+02	6.991243e-02	1.729254e-01	-3.439818e-01	-1.020785e-01	-2.419033e-01
6.180000e+02	7.034341e-02	1.728996e-01	-3.461467e-01	-1.027300e-01	-2.434168e-01
6.190000e+02	7.053825e-02	1.730849e-01	-3.475465e-01	-1.032350e-01	-2.443115e-01
6.200000e+02	7.050454e-02	1.734758e-01	-3.481644e-01	-1.035776e-01	-2.445867e-01
6.210000e+02	7.024686e-02	1.739874e-01	-3.480131e-01	-1.037597e-01	-2.442534e-01
6.220000e+02	6.975960e-02	1.745617e-01	-3.470569e-01	-1.037689e-01	-2.432881e-01
6.230000e+02	6.903966e-02	1.751661e-01	-3.452581e-01	-1.035894e-01	-2.416687e-01
6.240000e+02	6.810382e-02	1.757569e-01	-3.426465e-01	-1.032194e-01	-2.394270e-01
6.250000e+02	6.697750e-02	1.763069e-01	-3.392788e-01	-1.026619e-01	-2.366169e-01
6.260000e+02	6.567660e-02	1.767819e-01	-3.351827e-01	-1.019148e-01	-2.332680e-01
6.270000e+02	6.422318e-02	1.771254e-01	-3.304681e-01	-1.010109e-01	-2.294572e-01
6.280000e+02	6.261171e-02	1.773249e-01	-3.250768e-01	-9.992670e-02	-2.251501e-01
6.290000e+02	6.085236e-02	1.773944e-01	-3.189841e-01	-9.863968e-02	-2.203444e-01
6.300000e+02	5.898340e-02	1.773743e-01	-3.122805e-01	-9.715685e-02	-2.151237e-01
6.310000e+02	5.703572e-02	1.773353e-01	-3.050254e-01	-9.547697e-02	-2.095484e-01
6.320000e+02	5.501963e-02	1.773235e-01	-2.972352e-01	-9.359796e-02	-2.036372e-01
6.330000e+02	5.293336e-02	1.773797e-01	-2.889127e-01	-9.152300e-02	-1.973897e-01
6.340000e+02	5.077717e-02	1.775413e-01	-2.800678e-01	-8.925673e-02	-1.908111e-01
6.350000e+02	4.856258e-02	1.778327e-01	-2.707500e-01	-8.681242e-02	-1.839376e-01
6.360000e+02	4.630161e-02	1.783173e-01	-2.610086e-01	-8.420271e-02	-1.768059e-01
6.370000e+02	4.399638e-02	1.790184e-01	-2.509507e-01	-8.147898e-02	-1.694718e-01
6.380000e+02	4.159891e-02	1.798956e-01	-2.403957e-01	-7.859895e-02	-1.617968e-01
6.390000e+02	3.909770e-02	1.809436e-01	-2.292063e-01	-7.550543e-02	-1.537008e-01
6.400000e+02	3.654671e-02	1.821940e-01	-2.176004e-01	-7.225351e-02	-1.453469e-01
6.410000e+02	3.397382e-02	1.836323e-01	-2.057285e-01	-6.889044e-02	-1.368381e-01
6.420000e+02	3.140184e-02	1.852131e-01	-1.936873e-01	-6.544179e-02	-1.282455e-01
6.430000e+02	2.882151e-02	1.868741e-01	-1.814571e-01	-6.190705e-02	-1.195501e-01
6.440000e+02	2.624986e-02	1.885780e-01	-1.691038e-01	-5.830202e-02	-1.108017e-01
6.450000e+02	2.372585e-02	1.902766e-01	-1.568349e-01	-5.469158e-02	-1.021433e-01
6.460000e+02	2.167202e-02	1.917031e-01	-1.460878e-01	-5.137188e-02	-9.471593e-02
6.470000e+02	1.894572e-02	1.933087e-01	-1.325290e-01	-4.731879e-02	-8.521022e-02
6.480000e+02	1.672254e-02	1.945332e-01	-1.208827e-01	-4.371880e-02	-7.716387e-02
6.490000e+02	1.470430e-02	1.955393e-01	-1.098531e-01	-4.022224e-02	-6.963083e-02
6.500000e+02	1.263633e-02	1.964384e-01	-9.848666e-02	-3.660700e-02	-6.187966e-02
6.510000e+02	1.057556e-02	1.971568e-01	-8.719238e-02	-3.302062e-02	-5.417175e-02
6.520000e+02	8.679520e-03	1.976329e-01	-7.663549e-02	-2.963822e-02	-4.699726e-02
6.530000e+02	7.003555e-03	1.979181e-01	-6.690612e-02	-2.644950e-02	-4.045661e-02
6.540000e+02	5.505260e-03	1.980646e-01	-5.774935e-02	-2.336941e-02	-3.437993e-02
6.550000e+02	4.180844e-03	1.981025e-01	-4.921589e-02	-2.042710e-02	-2.878879e-02
6.560000e+02	3.029127e-03	1.980650e-01	-4.133152e-02	-1.763663e-02	-2.369488e-02
6.570000e+02	2.042945e-03	1.980004e-01	-3.405917e-02	-1.498664e-02	-1.907253e-02
6.580000e+02	1.244767e-03	1.979840e-01	-2.750136e-02	-1.250592e-02	-1.499545e-02
6.590000e+02	6.424117e-04	1.980533e-01	-2.171951e-02	-1.021734e-02	-1.150217e-02
6.600000e+02	2.068842e-04	1.981569e-01	-1.659797e-02	-8.092102e-03	-8.505870e-03
6.610000e+02	-6.771353e-05	1.982404e-01	-1.210691e-02	-6.121168e-03	-5.985741e-03
6.620000e+02	-1.825201e-04	1.983251e-01	-8.272054e-03	-4.318547e-03	-3.953507e-03
6.630000e+02	-1.231973e-04	1.984605e-01	-5.175042e-03	-2.710718e-03	-2.464323e-03
6.640000e+02	9.902048e-05	1.986361e-01	-2.762259e-03	-1.282109e-03	-1.480150e-03
6.650000e+02	4.384150e-04	1.987986e-01	-8.788686e-04	-1.019313e-06	-8.778493e-04
6.660000e+02	8.661089e-04	1.989387e-01	5.332526e-04	1.132735e-03	-5.994826e-04
6.670000e+02	1.353879e-03	1.990874e-01	1.553694e-03	2.130726e-03	-5.770319e-04
6.680000e+02	1.894015e-03	1.992634e-01	2.196717e-03	2.992374e-03	-7.956569e-04
6.690000e+02	2.096951e-03	1.993710e-01	3.960627e-03	4.077265e-03	-1.166374e-04
6.700000e+02	2.221020e-03	1.992438e-01	5.657882e-03	5.049961e-03	6.079208e-04
6.710000e+02	2.523202e-03	1.990348e-01	6.363044e-03	5.704724e-03	6.583206e-04
6.720000e+02	3.041094e-03	1.989739e-01	6.115783e-03	6.098986e-03	1.679695e-05
6.730000e+02	3.634882e-03	1.990656e-01	5.502214e-03	6.385989e-03	-8.837756e-04
6.740000e+02	4.169551e-03	1.991028e-01	4.934465e-03	6.636783e-03	-1.702318e-03
6.750000e+02	4.620631e-03	1.988953e-01	4.416787e-03	6.829024e-03	-2.412237e-03
6.760000e+02	5.018482e-03	1.984247e-01	3.823023e-03	6.929993e-03	-3.106971e-03
6.770000e+02	5.371485e-03	1.978210e-01	3.151863e-03	6.947417e-03	-3.795554e-03
6.780000e+02	5.673518e-03	1.972429e-01	2.450461e-03	6.898748e-03	-4.448287e-03
6.790000e+02	5.947624e-03	1.967677e-01	1.658952e-03	6.777100e-03	-5.118148e-03
6.800000e+02	6.227588e-03	1.963567e-01	7.014466e-04	6.578311e-03	-5.876864e-03
6.810000e+02	6.526720e-03	1.959462e-01	-4.031956e-04	6.325122e-03	-6.728318e-03
6.820000e+02	6.833010e-03	1.955039e-01	-1.601948e-03	6.032036e-03	-7.633984e-03
6.830000e+02	7.124116e-03	1.950750e-01	-2.831914e-03	5.708159e-03	-8.540072e-03
6.840000e+02	7.385531e-03	1.947529e-01	-4.040706e-03	5.365178e-03	-9.405884e-03
6.850000e+02	7.616644e-03	1.946074e-01	-5.233084e-03	5.000102e-03	-1.023319e-02
6.860000e+02	7.826526e-03	1.946307e-01	-6.418491e-03	4.617281e-03	-1.103577e-02
6.870000e+02	8.013471e-03	1.947831e-01	-7.564345e-03	4.231298e-03	-1.179564e-02
6.880000e+02	8.162477e-03	1.950171e-01	-8.621774e-03	3.851590e-03	-1.247336e-02
6.890000e+02	8.251416e-03	1.952874e-01	-9.504775e-03	3.499029e-03	-1.300380e-02
6.900000e+02	8.273004e-03	1.955594e-01	-1.017036e-02	3.187823e-03	-1.335819e-02
6.910000e+02	8.226073e-03	1.957870e-01	-1.062858e-02	2.911781e-03	-1.354037e-02
6.920000e+02	8.100138e-03	1.959300e-01	-1.087516e-02	2.662556e-03	-1.353772e-02
6.930000e+02	7.877219e-03	1.959640e-01	-1.083725e-02	2.458595e-03	-1.329584e-02
6.940000e+02	7.546795e-03	1.958605e-01	-1.046775e-02	2.312919e-03	-1.278067e-02
6.950000e+02	7.099341e-03	1.955785e-01	-9.736671e-03	2.231005e-03	-1.196768e-02
6.960000e+02	6.532608e-03	1.950878e-01	-8.630804e-03	2.217206e-03	-1.084801e-02
6.970000e+02	5.851515e-03	1.943727e-01	-7.179390e-03	2.261820e-03	-9.441210e-03
6.980000e+02	5.063657e-03	1.934356e-01	-5.402306e-03	2.362504e-03	-7.764810e-03
6.990000e+02	4.167312e-03	1.923088e-01	-3.277112e-03	2.528756e-03	-5.805868e-03
7.000000e+02	3.177132e-03	1.910689e-01	-8.288610e-04	2.762701e-03	-3.591562e-03
7.010000e+02	2.105905e-03	1.897882e-01	1.933307e-03	3.072558e-03	-1.139251e-03
7.020000e+02	9.800199e-04	1.885442e-01	4.940679e-03	3.450360e-03	1.490320e-03
7.030000e+02	-1.715577e-04	1.874044e-01	8.117601e-03	3.887243e-03	4.230358e-03
7.040000e+02	-1.324491e-03	1.864269e-01	1.138494e-02	4.367977e-03	7.016958e-03
7.050000e+02	-2.475976e-03	1.856527e-01	1.475592e-02	4.901984e-03	9.853937e-03
7.060000e+02	-3.620397e-03	1.851229e-01	1.823291e-02	5.496060e-03	1.273685e-02
7.070000e+02	-4.759053e-03	1.848531e-01	2.182370e-02	6.152796e-03	1.567090e-02
7.080000e+02	-5.891654e-03	1.848530e-01	2.550332e-02	6.860007e-03	1.864332e-02
7.090000e+02	-7.008118e-03	1.851300e-01	2.923174e-02	7.607751e-03	2.162399e-02
7.100000e+02	-8.103963e-03	1.856592e-01	3.299716e-02	8.394619e-03	2.460254e-02
7.110000e+02	-9.179761e-03	1.863993e-01	3.679671e-02	9.218593e-03	2.757812e-02
7.120000e+02	-1.022282e-02	1.872816e-01	4.058101e-02	1.006769e-02	3.051333e-02
7.130000e+02	-1.122190e-02	1.882349e-01	4.429598e-02	1.092608e-02	3.336989e-02
7.140000e+02	-1.216595e-02	1.892139e-01	4.790314e-02	1.178562e-02	3.611752e-02
7.150000e+02	-1.305275e-02	1.901708e-01	5.138479e-02	1.263964e-02	3.874515e-02
7.160000e+02	-1.388508e-02	1.910398e-01	5.473114e-02	1.348049e-02	4.125065e-02
7.170000e+02	-1.464606e-02	1.917765e-01	5.787775e-02	1.429281e-02	4.358494e-02
7.180000e+02	-1.531969e-02	1.923250e-01	6.078281e-02	1.507172e-02	4.571109e-02
7.190000e+02	-1.590430e-02	1.926512e-01	6.341762e-02	1.580450e-02	4.761311e-02
7.200000e+02	-1.640513e-02	1.927338e-01	6.577549e-02	1.648261e-02	4.929287e-02
7.210000e+02	-1.680126e-02	1.925998e-01	6.777316e-02	1.708532e-02	5.068784e-02
7.220000e+02	-1.697020e-02	1.921822e-01	6.902097e-02	1.754029e-02	5.148069e-02
7.230000e+02	-1.702189e-02	1.917415e-01	6.982858e-02	1.789240e-02	5.193618e-02
7.240000e+02	-1.686332e-02	1.912512e-01	6.994675e-02	1.811006e-02	5.183669e-02
7.250000e+02	-1.647660e-02	1.907864e-01	6.924361e-02	1.814521e-02	5.109840e-02
7.260000e+02	-1.586706e-02	1.904242e-01	6.772359e-02	1.799473e-02	4.972885e-02
7.270000e+02	-1.505795e-02	1.902365e-01	6.546916e-02	1.767663e-02	4.779253e-02
7.280000e+02	-1.407624e-02	1.902553e-01	6.255896e-02	1.720324e-02	4.535572e-02
7.290000e+02	-1.292103e-02	1.904806e-01	5.897057e-02	1.656425e-02	4.240632e-02
7.300000e+02	-1.159318e-02	1.908794e-01	5.469436e-02	1.575400e-02	3.894036e-02
7.310000e+02	-1.008067e-02	1.914581e-01	4.966819e-02	1.475343e-02	3.491476e-02
7.320000e+02	-8.374741e-03	1.922171e-01	4.387582e-02	1.356317e-02	3.031265e-02
7.330000e+02	-6.484205e-03	1.931100e-01	3.734775e-02	1.218967e-02	2.515808e-02
7.340000e+02	-4.428064e-03	1.940484e-01	3.012390e-02	1.063388e-02	1.949001e-02
7.350000e+02	-2.224179e-03	1.949708e-01	2.225219e-02	8.901919e-03	1.335028e-02
7.360000e+02	1.123187e-04	1.958387e-01	1.375192e-02	6.988278e-03	6.763641e-03
7.370000e+02	2.559647e-03	1.966074e-01	4.675608e-03	4.897451e-03	-2.218426e-04
7.380000e+02	5.086757e-03	1.972461e-01	-4.909592e-03	2.631961e-03	-7.541553e-03
7.390000e+02	7.689550e-03	1.977075e-01	-1.500027e-02	1.894160e-04	-1.518968e-02
7.400000e+02	1.037858e-02	1.979469e-01	-2.564638e-02	-2.444608e-03	-2.320177e-02
7.410000e+02	1.315230e-02	1.979270e-01	-3.685683e-02	-5.276117e-03	-3.158072e-02
7.420000e+02	1.595664e-02	1.976422e-01	-4.838762e-02	-8.237167e-03	-4.015045e-02
7.430000e+02	1.875904e-02	1.970800e-01	-6.011930e-02	-1.130060e-02	-4.881869e-02
7.440000e+02	2.155754e-02	1.962814e-01	-7.204517e-02	-1.446504e-02	-5.758013e-02
7.450000e+02	2.434701e-02	1.953051e-01	-8.417603e-02	-1.774100e-02	-6.643502e-02
7.460000e+02	2.711949e-02	1.942194e-01	-9.646467e-02	-2.111285e-02	-7.535182e-02
7.470000e+02	2.987105e-02	1.930587e-01	-1.088541e-01	-2.455600e-02	-8.429810e-02
7.480000e+02	3.258498e-02	1.918308e-01	-1.212846e-01	-2.805731e-02	-9.322727e-02
7.490000e+02	3.525274e-02	1.905643e-01	-1.336708e-01	-3.158265e-02	-1.020881e-01
7.500000e+02	3.787674e-02	1.892835e-01	-1.460305e-01	-3.513849e-02	-1.108920e-01
7.510000e+02	4.043447e-02	1.880574e-01	-1.582831e-01	-3.870705e-02	-1.195760e-01
7.520000e+02	4.288852e-02	1.869137e-01	-1.702831e-01	-4.225305e-02	-1.280301e-01
7.530000e+02	4.521304e-02	1.858599e-01	-1.819191e-01	-4.574649e-02	-1.361726e-01
7.540000e+02	4.736826e-02	1.849117e-01	-1.930416e-01	-4.915254e-02	-1.438891e-01
7.550000e+02	4.933652e-02	1.840579e-01	-2.035798e-01	-5.245339e-02	-1.511264e-01
7.560000e+02	5.112038e-02	1.832459e-01	-2.135514e-01	-5.565530e-02	-1.578961e-01
7.570000e+02	5.270639e-02	1.824272e-01	-2.229565e-01	-5.877187e-02	-1.641846e-01
7.580000e+02	5.408325e-02	1.816309e-01	-2.317312e-01	-6.178235e-02	-1.699488e-01
7.590000e+02	5.527637e-02	1.808684e-01	-2.398989e-01	-6.467307e-02	-1.752258e-01
7.600000e+02	5.631041e-02	1.800445e-01	-2.474803e-01	-6.742973e-02	-1.800505e-01
7.610000e+02	5.717052e-02	1.791166e-01	-2.544313e-01	-7.004515e-02	-1.843862e-01
7.620000e+02	5.785016e-02	1.780800e-01	-2.607071e-01	-7.250340e-02	-1.882037e-01
7.630000e+02	5.833688e-02	1.769796e-01	-2.662578e-01	-7.479204e-02	-1.914658e-01
7.640000e+02	5.865674e-02	1.757885e-01	-2.711733e-01	-7.692991e-02	-1.942434e-01
7.650000e+02	5.879932e-02	1.745200e-01	-2.753602e-01	-7.888076e-02	-1.964794e-01
7.660000e+02	5.877829e-02	1.732431e-01	-2.788545e-01	-8.064898e-02	-1.982056e-01
7.670000e+02	5.859726e-02	1.720245e-01	-2.816608e-01	-8.223312e-02	-1.994276e-01
7.680000e+02	5.827364e-02	1.708708e-01	-2.838350e-01	-8.364386e-02	-2.001911e-01
7.690000e+02	5.781613e-02	1.698165e-01	-2.853827e-01	-8.487521e-02	-2.005075e-01
7.700000e+02	5.721550e-02	1.689655e-01	-2.862340e-01	-8.590148e-02	-2.003325e-01
7.710000e+02	5.648489e-02	1.684261e-01	-2.863870e-01	-8.670863e-02	-1.996784e-01
7.720000e+02	5.563611e-02	1.681813e-01	-2.858626e-01	-8.729519e-02	-1.985674e-01
7.730000e+02	5.464335e-02	1.681701e-01	-2.845582e-01	-8.763576e-02	-1.969225e-01
7.740000e+02	5.349044e-02	1.683974e-01	-2.824212e-01	-8.772015e-02	-1.947010e-01
7.750000e+02	5.217793e-02	1.688579e-01	-2.794698e-01	-8.755697e-02	-1.919128e-01
7.760000e+02	5.072831e-02	1.695539e-01	-2.757929e-01	-8.716813e-02	-1.886247e-01
7.770000e+02	4.916684e-02	1.704694e-01	-2.714732e-01	-8.656976e-02	-1.849034e-01
7.780000e+02	4.750081e-02	1.716018e-01	-2.665232e-01	-8.576079e-02	-1.807624e-01
7.790000e+02	4.572318e-02	1.728664e-01	-2.609163e-01	-8.473498e-02	-1.761813e-01
7.800000e+02	4.385325e-02	1.742096e-01	-2.547236e-01	-8.350857e-02	-1.712151e-01
7.810000e+02	4.189216e-02	1.755719e-01	-2.479403e-01	-8.207797e-02	-1.658623e-01
7.820000e+02	3.985959e-02	1.769260e-01	-2.406635e-01	-8.047217e-02	-1.601914e-01
7.830000e+02	3.779278e-02	1.782634e-01	-2.330513e-01	-7.873286e-02	-1.543184e-01
7.840000e+02	3.572948e-02	1.795761e-01	-2.252449e-01	-7.689297e-02	-1.483519e-01
7.850000e+02	3.368502e-02	1.808236e-01	-2.173369e-01	-7.498343e-02	-1.423535e-01
7.860000e+02	3.164800e-02	1.819006e-01	-2.092140e-01	-7.295900e-02	-1.362550e-01
7.870000e+02	2.963782e-02	1.827519e-01	-2.009229e-01	-7.082364e-02	-1.300993e-01
7.880000e+02	2.770487e-02	1.833919e-01	-1.927425e-01	-6.866637e-02	-1.240761e-01
7.890000e+02	2.588758e-02	1.838643e-01	-1.848296e-01	-6.652721e-02	-1.183024e-01
7.900000e+02	2.419673e-02	1.842156e-01	-1.772553e-01	-6.443092e-02	-1.128244e-01
7.910000e+02	2.260913e-02	1.844448e-01	-1.699542e-01	-6.236797e-02	-1.075862e-01
7.920000e+02	2.113535e-02	1.845819e-01	-1.629703e-01	-6.034978e-02	-1.026205e-01
7.930000e+02	1.982375e-02	1.846762e-01	-1.564704e-01	-5.841146e-02	-9.805896e-02
7.940000e+02	1.826996e-02	1.852365e-01	-1.492123e-01	-5.633621e-02	-9.287613e-02
7.950000e+02	1.765381e-02	1.855707e-01	-1.452022e-01	-5.494729e-02	-9.025490e-02
7.960000e+02	1.726522e-02	1.856269e-01	-1.415491e-01	-5.350934e-02	-8.803978e-02
7.970000e+02	1.612624e-02	1.860332e-01	-1.351019e-01	-5.142471e-02	-8.367719e-02
7.980000e+02	1.595688e-02	1.864803e-01	-1.321839e-01	-5.013507e-02	-8.204884e-02
7.990000e+02	1.551043e-02	1.873718e-01	-1.283353e-01	-4.865720e-02	-7.967806e-02
8.000000e+02	1.589016e-02	1.881045e-01	-1.272912e-01	-4.775543e-02	-7.953574e-02
8.010000e+02	1.574496e-02	1.891587e-01	-1.242663e-01	-4.638821e-02	-7.787814e-02
8.020000e+02	1.565486e-02	1.903682e-01	-1.216106e-01	-4.515043e-02	-7.646015e-02
8.030000e+02	1.599697e-02	1.915753e-01	-1.206292e-01	-4.431765e-02	-7.631160e-02
8.040000e+02	1.668206e-02	1.926959e-01	-1.206931e-01	-4.366450e-02	-7.702863e-02
8.050000e+02	1.751053e-02	1.936738e-01	-1.210042e-01	-4.299156e-02	-7.801263e-02
8.060000e+02	1.845097e-02	1.945640e-01	-1.216383e-01	-4.236817e-02	-7.927011e-02
8.070000e+02	1.954172e-02	1.954502e-01	-1.228774e-01	-4.189696e-02	-8.098041e-02
8.080000e+02	2.079039e-02	1.963902e-01	-1.247632e-01	-4.159119e-02	-8.317197e-02
8.090000e+02	2.211873e-02	1.972840e-01	-1.270128e-01	-4.138769e-02	-8.562514e-02
8.100000e+02	2.347399e-02	1.979647e-01	-1.294864e-01	-4.126922e-02	-8.821719e-02
8.110000e+02	2.487634e-02	1.983529e-01	-1.323223e-01	-4.128482e-02	-9.103749e-02
8.120000e+02	2.632909e-02	1.984271e-01	-1.355477e-01	-4.144475e-02	-9.410294e-02
8.130000e+02	2.781044e-02	1.981838e-01	-1.390946e-01	-4.173688e-02	-9.735776e-02
8.140000e+02	2.928561e-02	1.976212e-01	-1.428735e-01	-4.215114e-02	-1.007224e-01
8.150000e+02	3.072318e-02	1.967443e-01	-1.468088e-01	-4.268121e-02	-1.041276e-01
8.160000e+02	3.212858e-02	1.955646e-01	-1.509654e-01	-4.335411e-02	-1.076113e-01
8.170000e+02	3.351289e-02	1.941210e-01	-1.553757e-01	-4.417494e-02	-1.112007e-01
8.180000e+02	3.487983e-02	1.924815e-01	-1.600109e-01	-4.512562e-02	-1.148853e-01
8.190000e+02	3.620949e-02	1.906901e-01	-1.647760e-01	-4.617852e-02	-1.185975e-01
8.200000e+02	3.752098e-02	1.888552e-01	-1.696983e-01	-4.732818e-02	-1.223701e-01
8.210000e+02	3.884025e-02	1.870601e-01	-1.748225e-01	-4.857099e-02	-1.262515e-01
8.220000e+02	4.018361e-02	1.853820e-01	-1.801532e-01	-4.989298e-02	-1.302602e-01
8.230000e+02	4.155470e-02	1.838776e-01	-1.856829e-01	-5.128675e-02	-1.343961e-01
8.240000e+02	4.294549e-02	1.825809e-01	-1.913449e-01	-5.272696e-02	-1.386179e-01
8.250000e+02	4.432906e-02	1.815312e-01	-1.970044e-01	-5.417315e-02	-1.428313e-01
8.260000e+02	4.568964e-02	1.807263e-01	-2.025773e-01	-5.559899e-02	-1.469783e-01
8.270000e+02	4.699834e-02	1.801590e-01	-2.079472e-01	-5.697527e-02	-1.509719e-01
8.280000e+02	4.822807e-02	1.797929e-01	-2.130250e-01	-5.828441e-02	-1.547406e-01
8.290000e+02	4.935162e-02	1.796211e-01	-2.177292e-01	-5.951299e-02	-1.582162e-01
8.300000e+02	5.033386e-02	1.796131e-01	-2.219649e-01	-6.064858e-02	-1.613163e-01
8.310000e+02	5.114797e-02	1.796994e-01	-2.256422e-01	-6.167312e-02	-1.639691e-01
8.320000e+02	5.178341e-02	1.798501e-01	-2.287290e-01	-6.258107e-02	-1.661479e-01
8.330000e+02	5.221675e-02	1.800462e-01	-2.311611e-01	-6.336378e-02	-1.677973e-01
8.340000e+02	5.241528e-02	1.802789e-01	-2.328159e-01	-6.399267e-02	-1.688232e-01
8.350000e+02	5.238468e-02	1.805299e-01	-2.337252e-01	-6.447792e-02	-1.692473e-01
8.360000e+02	5.209609e-02	1.807796e-01	-2.337996e-01	-6.480370e-02	-1.689959e-01
8.370000e+02	5.155393e-02	1.809467e-01	-2.330733e-01	-6.498270e-02	-1.680906e-01
8.380000e+02	5.078643e-02	1.809723e-01	-2.316227e-01	-6.502491e-02	-1.665978e-01
8.390000e+02	4.978997e-02	1.808086e-01	-2.294149e-01	-6.491746e-02	-1.644974e-01
8.400000e+02	4.856481e-02	1.804680e-01	-2.264279e-01	-6.464915e-02	-1.617788e-01
8.410000e+02	4.714129e-02	1.799907e-01	-2.227476e-01	-6.423250e-02	-1.585151e-01
8.420000e+02	4.553737e-02	1.793971e-01	-2.183988e-01	-6.366204e-02	-1.547368e-01
8.430000e+02	4.378481e-02	1.787260e-01	-2.134431e-01	-6.293672e-02	-1.505063e-01
8.440000e+02	4.191338e-02	1.780044e-01	-2.079487e-01	-6.206098e-02	-1.458877e-01
8.450000e+02	3.997665e-02	1.773266e-01	-2.020469e-01	-6.104681e-02	-1.410001e-01
