/*--------------------------------*- C++ -*----------------------------------*\
| =========                 |                                                 |
| \\      /  F ield         | OpenFOAM: The Open Source CFD Toolbox           |
|  \\    /   O peration     | Version:  2.3.0                                 |
|   \\  /    A nd           | Web:      www.OpenFOAM.org                      |
|    \\/     M anipulation  |                                                 |
\*---------------------------------------------------------------------------*/
FoamFile
{
    version     2.0;
    format      binary;
    class       faceSet;
    location    "constant/polyMesh/sets";
    object      INLET;
}
// * * * * * * * * * * * * * * * * * * * * * * * * * * * * * * * * * * * * * //


344
(
104450 
82948 
99845 
101381 
71687 
79879 
96776 
68618 
76810 
93707 
65549 
107024 
103955 
82453 
99350 
74263 
71192 
79384 
96281 
68123 
65056 
106529 
103460 
81958 
98855 
73768 
70697 
78889 
95786 
67628 
64561 
106034 
102965 
81463 
98360 
73273 
70202 
78394 
95291 
67133 
108608 
64066 
105539 
100934 
102470 
80968 
97865 
72778 
69707 
77899 
94796 
66638 
108113 
63571 
105044 
100439 
101975 
72281 
80473 
97370 
69212 
77404 
94301 
66143 
107618 
104549 
83047 
99944 
101480 
71786 
79978 
96875 
68717 
76909 
93806 
65648 
107123 
104054 
82552 
99449 
74362 
71291 
79483 
96380 
68222 
76414 
65155 
106628 
103559 
82057 
98954 
73867 
70796 
78988 
95885 
67727 
64660 
106133 
103064 
81562 
98459 
73372 
70301 
78493 
95390 
67232 
108707 
64165 
105638 
101033 
102569 
81067 
97964 
72877 
69806 
77998 
94895 
66737 
108212 
63670 
105143 
100538 
102074 
80572 
97469 
72382 
69311 
77503 
94400 
66242 
63173 
107717 
104648 
83146 
100043 
101579 
71885 
80077 
96974 
68816 
77008 
93905 
65747 
107222 
104153 
82651 
99548 
74461 
71390 
79582 
96479 
68321 
76513 
93410 
65254 
106727 
103658 
82156 
99053 
73966 
70895 
79087 
95984 
67826 
64759 
106232 
103163 
81661 
98558 
73471 
70400 
78592 
95489 
67331 
108806 
64264 
105737 
102668 
101133 
81166 
98063 
72976 
69905 
78097 
94994 
66836 
108311 
63769 
105242 
100637 
102173 
80671 
97568 
72481 
69410 
77602 
94499 
66341 
107816 
63274 
104747 
100142 
101678 
71984 
80176 
97073 
68915 
77107 
94004 
65846 
107321 
104252 
82750 
99647 
74560 
71489 
79681 
96578 
68420 
76612 
93509 
65353 
106826 
103757 
82255 
99152 
74065 
70994 
79186 
96083 
67925 
64858 
106331 
103262 
81760 
98657 
73570 
70499 
78691 
95588 
67430 
108905 
64363 
105836 
102767 
81265 
98162 
73075 
70004 
78196 
95093 
66935 
108410 
63868 
105341 
100736 
102272 
80770 
97667 
72580 
69509 
77701 
94598 
66440 
107915 
63373 
104846 
100241 
101777 
72083 
80275 
97172 
69014 
77206 
94103 
65945 
107420 
104351 
82849 
99746 
101282 
74659 
71588 
79780 
96677 
68519 
76711 
93608 
65452 
106925 
103856 
82354 
99251 
74164 
71093 
79285 
96182 
68024 
64957 
106430 
103361 
81859 
98756 
73669 
70598 
78790 
95687 
67529 
109005 
64462 
105935 
102866 
81364 
98261 
73174 
70103 
78295 
95192 
67034 
108509 
63967 
105440 
100835 
102371 
80869 
97766 
72679 
69608 
77800 
94697 
66539 
108014 
63472 
104945 
100340 
101876 
72182 
80374 
97271 
69113 
77305 
94202 
66044 
107519 
)

// ************************************************************************* //
