/*--------------------------------*- C++ -*----------------------------------*\
| =========                 |                                                 |
| \\      /  F ield         | OpenFOAM: The Open Source CFD Toolbox           |
|  \\    /   O peration     | Version:  2.3.0                                 |
|   \\  /    A nd           | Web:      www.OpenFOAM.org                      |
|    \\/     M anipulation  |                                                 |
\*---------------------------------------------------------------------------*/
FoamFile
{
    version     2.0;
    format      ascii;
    class       faceSet;
    location    "constant/polyMesh/sets";
    object      nonOrthoFaces;
}
// * * * * * * * * * * * * * * * * * * * * * * * * * * * * * * * * * * * * * //


556
(
6144 
6145 
6146 
6147 
6148 
6149 
6150 
6151 
6152 
6153 
6211 
6213 
6215 
6217 
6218 
6219 
6221 
101 
6287 
6289 
4791 
4792 
4793 
4856 
4857 
4858 
4859 
4860 
4861 
4920 
4921 
4922 
4923 
4924 
4925 
4926 
4927 
4928 
4929 
4982 
4983 
4984 
4985 
4986 
4987 
4988 
4989 
4990 
4991 
4992 
4993 
4994 
4995 
4996 
4997 
5046 
5047 
5048 
5049 
5050 
5051 
5052 
5053 
5054 
5055 
5056 
5057 
5058 
5059 
5060 
5061 
5062 
5063 
5064 
5065 
5109 
5110 
5111 
5112 
5113 
5114 
5115 
5116 
5117 
5118 
5119 
5120 
5121 
5122 
5123 
5124 
5125 
5126 
5127 
5128 
5129 
5130 
5131 
5132 
5133 
5174 
5175 
5176 
5177 
5178 
5179 
5180 
5181 
5182 
5183 
5184 
5185 
5186 
5187 
5188 
5189 
5190 
5191 
5192 
5193 
5194 
5195 
5196 
5197 
5198 
5199 
5200 
5201 
5239 
5240 
5241 
5242 
5243 
5244 
5245 
5246 
5247 
5248 
5249 
5250 
5251 
5252 
5253 
5254 
5255 
5256 
5257 
5258 
5259 
5260 
5261 
5262 
5263 
5264 
5265 
5266 
5267 
5268 
5269 
5305 
5306 
5307 
5308 
5309 
5310 
5311 
5312 
5313 
5314 
5315 
5316 
5317 
5318 
5319 
5320 
5321 
5322 
5323 
5324 
5325 
5326 
5327 
5328 
5329 
5330 
5331 
5332 
5333 
5334 
5335 
5336 
5337 
5373 
5374 
5375 
5376 
5377 
5378 
5379 
5380 
5381 
5382 
5383 
5384 
5385 
5386 
5387 
5388 
5389 
5390 
5391 
5392 
5393 
5394 
5395 
5396 
5397 
5398 
5399 
5400 
5401 
5402 
5403 
5404 
5405 
5439 
5440 
5441 
5442 
5443 
5444 
5445 
5446 
5447 
5448 
5449 
5450 
5451 
5452 
5453 
5454 
5455 
5456 
5457 
5458 
5459 
5460 
5461 
5462 
5463 
5464 
5465 
5466 
5467 
5468 
5469 
5470 
5471 
5472 
5473 
5507 
5508 
5509 
5510 
5511 
5512 
5513 
5514 
5515 
5516 
5517 
5518 
5519 
5520 
5521 
5522 
5523 
5524 
5525 
5526 
5527 
5528 
5529 
5530 
5531 
5532 
5533 
5534 
5535 
5536 
5537 
5538 
5539 
5540 
5541 
5575 
5576 
5577 
5578 
5579 
5580 
5581 
5582 
5583 
5584 
5585 
5586 
5587 
5588 
5589 
5590 
5591 
5592 
5593 
5594 
5595 
5596 
5597 
5598 
5599 
5600 
5601 
5602 
5603 
5604 
5605 
5606 
5607 
5608 
5609 
5643 
5644 
5645 
5646 
5647 
5648 
5649 
5650 
5651 
5652 
5653 
5654 
5655 
5656 
5657 
5658 
5659 
5660 
5661 
5662 
5663 
5664 
5665 
5666 
5667 
5668 
5669 
5670 
5671 
5672 
5673 
5674 
5675 
5676 
5677 
5711 
5713 
5714 
5715 
5716 
5717 
5718 
5719 
5720 
5721 
5722 
5723 
5724 
5725 
5726 
5727 
5728 
5729 
5730 
5731 
5732 
5733 
5734 
5735 
5736 
5737 
5738 
5739 
5740 
5741 
5742 
5743 
5744 
5745 
5779 
5781 
5782 
5783 
5784 
5785 
5786 
5787 
5788 
5789 
5790 
5791 
5792 
5793 
5794 
5795 
5796 
5797 
5798 
5799 
5800 
5801 
5802 
5803 
5804 
5805 
5806 
5807 
5808 
5809 
5810 
5811 
5812 
5813 
5849 
5851 
5852 
5853 
5854 
5855 
5856 
5857 
5858 
5859 
5860 
5861 
5862 
5863 
5864 
5865 
5866 
5867 
5868 
5869 
5870 
5871 
5872 
5873 
5874 
5875 
5876 
5877 
5878 
5879 
5880 
5881 
5919 
5921 
5922 
5923 
5924 
5925 
5926 
5927 
5928 
5929 
5930 
5931 
5932 
5933 
5934 
5935 
5936 
5937 
5938 
5939 
5940 
5941 
5942 
5943 
5944 
5945 
5946 
5947 
5948 
5949 
5989 
5991 
5992 
5993 
5994 
5995 
5996 
5997 
5998 
5999 
6000 
6001 
6002 
6003 
6004 
6005 
6006 
6007 
6008 
6009 
6010 
6011 
6012 
6013 
6014 
6015 
6016 
6017 
6061 
6063 
6064 
6065 
6066 
6067 
6068 
6069 
6070 
6071 
6072 
6073 
6074 
6075 
6076 
6077 
6078 
6079 
6080 
6081 
6082 
6083 
6084 
6085 
6133 
6135 
6137 
6138 
6139 
6140 
6141 
6142 
6143 
)

// ************************************************************************* //
