0 0
0 0
0.00502513 0.0188493
0.00502513 -0.0178505
0.0100503 0.0265896
0.0100503 -0.0246048
0.0150754 0.0324841
0.0150754 -0.0295258
0.0201005 0.0374128
0.0201005 -0.0334937
0.0251256 0.0417167
0.0251256 -0.0368494
0.0301508 0.0455707
0.0301508 -0.0397678
0.0351759 0.0490789
0.0351759 -0.042353
0.040201 0.052309
0.040201 -0.0446728
0.0452261 0.0553083
0.0452261 -0.0467744
0.0502513 0.058111
0.0502513 -0.0486921
0.0552764 0.0607434
0.0552764 -0.050452
0.0603015 0.0632254
0.0603015 -0.0520742
0.0653266 0.0655734
0.0653266 -0.053575
0.0703518 0.0678004
0.0703518 -0.0549674
0.0753769 0.0699173
0.0753769 -0.0562623
0.080402 0.071933
0.080402 -0.0574688
0.0854271 0.0738555
0.0854271 -0.0585945
0.0904523 0.0756911
0.0904523 -0.0596461
0.0954774 0.0774457
0.0954774 -0.0606292
0.100503 0.0791243
0.100503 -0.061549
0.105528 0.0807313
0.105528 -0.0624098
0.110553 0.0822706
0.110553 -0.0632155
0.115578 0.0837456
0.115578 -0.0639696
0.120603 0.0851596
0.120603 -0.0646752
0.125628 0.0865152
0.125628 -0.0653352
0.130653 0.0878151
0.130653 -0.065952
0.135678 0.0890615
0.135678 -0.066528
0.140704 0.0902567
0.140704 -0.0670653
0.145729 0.0914024
0.145729 -0.0675659
0.150754 0.0925007
0.150754 -0.0680316
0.155779 0.093553
0.155779 -0.068464
0.160804 0.0945609
0.160804 -0.0688646
0.165829 0.0955259
0.165829 -0.0692349
0.170854 0.0964493
0.170854 -0.0695762
0.175879 0.0973322
0.175879 -0.0698897
0.180905 0.098176
0.180905 -0.0701767
0.18593 0.0989816
0.18593 -0.0704381
0.190955 0.0997501
0.190955 -0.0706751
0.19598 0.100482
0.19598 -0.0708885
0.201005 0.10118
0.201005 -0.0710793
0.20603 0.101842
0.20603 -0.0712484
0.211055 0.102471
0.211055 -0.0713965
0.21608 0.103068
0.21608 -0.0715245
0.221106 0.103632
0.221106 -0.0716331
0.226131 0.104165
0.226131 -0.0717229
0.231156 0.104668
0.231156 -0.0717947
0.236181 0.10514
0.236181 -0.0718491
0.241206 0.105583
0.241206 -0.0718867
0.246231 0.105997
0.246231 -0.071908
0.251256 0.106383
0.251256 -0.0719137
0.256281 0.106741
0.256281 -0.0719043
0.261307 0.107071
0.261307 -0.0718803
0.266332 0.107375
0.266332 -0.0718421
0.271357 0.107653
0.271357 -0.0717903
0.276382 0.107905
0.276382 -0.0717253
0.281407 0.108132
0.281407 -0.0716476
0.286432 0.108333
0.286432 -0.0715576
0.291457 0.10851
0.291457 -0.0714556
0.296482 0.108663
0.296482 -0.0713422
0.301508 0.108792
0.301508 -0.0712176
0.306533 0.108898
0.306533 -0.0710822
0.311558 0.108981
0.311558 -0.0709365
0.316583 0.109041
0.316583 -0.0707807
0.321608 0.109079
0.321608 -0.0706151
0.326633 0.109095
0.326633 -0.0704402
0.331658 0.109089
0.331658 -0.0702562
0.336683 0.109061
0.336683 -0.0700634
0.341709 0.109013
0.341709 -0.0698621
0.346734 0.108943
0.346734 -0.0696527
0.351759 0.108854
0.351759 -0.0694353
0.356784 0.108743
0.356784 -0.0692103
0.361809 0.108613
0.361809 -0.068978
0.366834 0.108464
0.366834 -0.0687385
0.371859 0.108294
0.371859 -0.0684921
0.376884 0.108106
0.376884 -0.0682392
0.38191 0.107898
0.38191 -0.0679798
0.386935 0.107672
0.386935 -0.0677143
0.39196 0.107427
0.39196 -0.0674429
0.396985 0.107163
0.396985 -0.0671657
0.40201 0.106882
0.40201 -0.0668828
0.407035 0.106586
0.407035 -0.0665917
0.41206 0.106276
0.41206 -0.066292
0.417085 0.105951
0.417085 -0.0659839
0.422111 0.105613
0.422111 -0.0656676
0.427136 0.105261
0.427136 -0.0653432
0.432161 0.104896
0.432161 -0.0650111
0.437186 0.104518
0.437186 -0.0646712
0.442211 0.104126
0.442211 -0.0643239
0.447236 0.103721
0.447236 -0.0639693
0.452261 0.103304
0.452261 -0.0636075
0.457286 0.102874
0.457286 -0.0632387
0.462312 0.102432
0.462312 -0.0628631
0.467337 0.101977
0.467337 -0.0624807
0.472362 0.10151
0.472362 -0.0620919
0.477387 0.101031
0.477387 -0.0616967
0.482412 0.100541
0.482412 -0.0612952
0.487437 0.100038
0.487437 -0.0608877
0.492462 0.0995242
0.492462 -0.0604741
0.497487 0.0989988
0.497487 -0.0600547
0.502513 0.098462
0.502513 -0.0596297
0.507538 0.0979141
0.507538 -0.059199
0.512563 0.0973551
0.512563 -0.0587629
0.517588 0.0967851
0.517588 -0.0583214
0.522613 0.0962043
0.522613 -0.0578747
0.527638 0.0956127
0.527638 -0.0574229
0.532663 0.0950106
0.532663 -0.0569661
0.537688 0.0943979
0.537688 -0.0565044
0.542714 0.0937749
0.542714 -0.0560379
0.547739 0.0931415
0.547739 -0.0555667
0.552764 0.092498
0.552764 -0.0550909
0.557789 0.0918443
0.557789 -0.0546107
0.562814 0.0911806
0.562814 -0.054126
0.567839 0.090507
0.567839 -0.053637
0.572864 0.0898236
0.572864 -0.0531438
0.577889 0.0891304
0.577889 -0.0526464
0.582915 0.0884275
0.582915 -0.052145
0.58794 0.0877151
0.58794 -0.0516397
0.592965 0.0869931
0.592965 -0.0511304
0.59799 0.0862617
0.59799 -0.0506173
0.603015 0.085521
0.603015 -0.0501004
0.60804 0.0847709
0.60804 -0.0495799
0.613065 0.0840117
0.613065 -0.0490558
0.61809 0.0832432
0.61809 -0.0485281
0.623116 0.0824657
0.623116 -0.0479969
0.628141 0.0816792
0.628141 -0.0474623
0.633166 0.0808837
0.633166 -0.0469244
0.638191 0.0800793
0.638191 -0.0463831
0.643216 0.079266
0.643216 -0.0458386
0.648241 0.0784439
0.648241 -0.045291
0.653266 0.077613
0.653266 -0.0447401
0.658291 0.0767735
0.658291 -0.0441862
0.663317 0.0759252
0.663317 -0.0436292
0.668342 0.0750684
0.668342 -0.0430692
0.673367 0.074203
0.673367 -0.0425062
0.678392 0.073329
0.678392 -0.0419404
0.683417 0.0724466
0.683417 -0.0413716
0.688442 0.0715556
0.688442 -0.0407999
0.693467 0.0706563
0.693467 -0.0402255
0.698492 0.0697485
0.698492 -0.0396483
0.703518 0.0688324
0.703518 -0.0390683
0.708543 0.0679079
0.708543 -0.0384855
0.713568 0.0669751
0.713568 -0.0379001
0.718593 0.0660341
0.718593 -0.037312
0.723618 0.0650847
0.723618 -0.0367212
0.728643 0.0641271
0.728643 -0.0361278
0.733668 0.0631613
0.733668 -0.0355318
0.738693 0.0621873
0.738693 -0.0349332
0.743719 0.061205
0.743719 -0.0343319
0.748744 0.0602146
0.748744 -0.0337281
0.753769 0.0592159
0.753769 -0.0331218
0.758794 0.0582092
0.758794 -0.0325128
0.763819 0.0571942
0.763819 -0.0319013
0.768844 0.0561711
0.768844 -0.0312873
0.773869 0.0551398
0.773869 -0.0306707
0.778894 0.0541004
0.778894 -0.0300516
0.78392 0.0530528
0.78392 -0.0294299
0.788945 0.0519971
0.788945 -0.0288057
0.79397 0.0509332
0.79397 -0.028179
0.798995 0.0498611
0.798995 -0.0275496
0.80402 0.0487808
0.80402 -0.0269178
0.809045 0.0476924
0.809045 -0.0262833
0.81407 0.0465958
0.81407 -0.0256463
0.819095 0.0454909
0.819095 -0.0250066
0.824121 0.0443779
0.824121 -0.0243644
0.829146 0.0432566
0.829146 -0.0237195
0.834171 0.042127
0.834171 -0.0230719
0.839196 0.0409892
0.839196 -0.0224217
0.844221 0.039843
0.844221 -0.0217688
0.849246 0.0386886
0.849246 -0.0211132
0.854271 0.0375257
0.854271 -0.0204549
0.859296 0.0363545
0.859296 -0.0197938
0.864322 0.035175
0.864322 -0.0191299
0.869347 0.0339869
0.869347 -0.0184632
0.874372 0.0327904
0.874372 -0.0177936
0.879397 0.0315854
0.879397 -0.0171211
0.884422 0.0303719
0.884422 -0.0164458
0.889447 0.0291498
0.889447 -0.0157674
0.894472 0.0279191
0.894472 -0.0150861
0.899497 0.0266797
0.899497 -0.0144017
0.904523 0.0254317
0.904523 -0.0137142
0.909548 0.0241749
0.909548 -0.0130237
0.914573 0.0229093
0.914573 -0.0123299
0.919598 0.0216349
0.919598 -0.0116329
0.924623 0.0203517
0.924623 -0.0109327
0.929648 0.0190595
0.929648 -0.0102292
0.934673 0.0177583
0.934673 -0.00952227
0.939698 0.0164481
0.939698 -0.00881194
0.944724 0.0151288
0.944724 -0.00809815
0.949749 0.0138004
0.949749 -0.00738082
0.954774 0.0124628
0.954774 -0.00665991
0.959799 0.0111159
0.959799 -0.00593536
0.964824 0.00975973
0.964824 -0.0052071
0.969849 0.00839416
0.969849 -0.00447506
0.974874 0.00701914
0.974874 -0.0037392
0.979899 0.00563461
0.979899 -0.00299943
0.984925 0.0042405
0.984925 -0.0022557
0.98995 0.00283674
0.98995 -0.00150793
0.994975 0.00142327
0.994975 -0.000756054
1 0
1 0
