/*--------------------------------*- C++ -*----------------------------------*\
| =========                 |                                                 |
| \\      /  F ield         | OpenFOAM: The Open Source CFD Toolbox           |
|  \\    /   O peration     | Version:  2.3.0                                 |
|   \\  /    A nd           | Web:      www.OpenFOAM.org                      |
|    \\/     M anipulation  |                                                 |
\*---------------------------------------------------------------------------*/
FoamFile
{
    version     2.0;
    format      ascii;
    class       faceSet;
    location    "constant/polyMesh/sets";
    object      INLET;
}
// * * * * * * * * * * * * * * * * * * * * * * * * * * * * * * * * * * * * * //


344
(
56942 
56943 
56944 
56945 
56946 
56947 
56948 
56949 
56950 
56951 
56952 
56953 
56954 
56955 
56956 
56957 
56958 
56959 
56960 
56961 
56962 
56963 
56964 
56965 
56966 
56967 
56968 
56969 
56970 
56971 
56972 
56973 
56974 
56975 
56976 
56977 
56978 
56979 
56980 
56981 
56982 
56983 
56984 
56985 
56986 
56987 
56988 
56989 
56990 
56991 
56992 
56993 
56994 
56995 
56996 
56997 
56998 
56999 
57000 
57001 
57002 
57003 
57004 
57005 
57006 
57007 
57008 
57009 
57010 
57011 
57012 
57013 
57014 
57015 
57016 
57017 
57018 
57019 
57020 
57021 
57022 
57023 
57024 
57025 
57026 
57027 
57028 
57029 
57030 
57031 
57032 
57033 
57034 
57035 
57036 
57037 
57038 
57039 
57040 
57041 
57042 
57043 
57044 
57045 
57046 
57047 
57048 
57049 
57050 
57051 
57052 
57053 
57054 
57055 
57056 
57057 
57058 
57059 
57060 
57061 
57062 
57063 
57064 
57065 
57066 
57067 
57068 
57069 
57070 
57071 
57072 
57073 
57074 
57075 
57076 
57077 
57078 
57079 
57080 
57081 
57082 
57083 
57084 
57085 
57086 
57087 
57088 
57089 
57090 
57091 
57092 
57093 
57094 
57095 
57096 
57097 
57098 
57099 
57100 
57101 
57102 
57103 
57104 
57105 
57106 
57107 
57108 
57109 
57110 
57111 
57112 
57113 
57114 
57115 
57116 
57117 
57118 
57119 
57120 
57121 
57122 
57123 
57124 
57125 
57126 
57127 
57128 
57129 
57130 
57131 
57132 
57133 
57134 
57135 
57136 
57137 
57138 
57139 
57140 
57141 
57142 
57143 
57144 
57145 
57146 
57147 
57148 
57149 
57150 
57151 
57152 
57153 
57154 
57155 
57156 
57157 
57158 
57159 
57160 
57161 
57162 
57163 
57164 
57165 
57166 
57167 
57168 
57169 
57170 
57171 
57172 
57173 
57174 
57175 
57176 
57177 
57178 
57179 
57180 
57181 
57182 
57183 
57184 
57185 
57186 
57187 
57188 
57189 
57190 
57191 
57192 
57193 
57194 
57195 
57196 
57197 
57198 
57199 
57200 
57201 
57202 
57203 
57204 
57205 
57206 
57207 
57208 
57209 
57210 
57211 
57212 
57213 
57214 
57215 
57216 
57217 
57218 
57219 
57220 
57221 
57222 
57223 
57224 
57225 
57226 
57227 
57228 
57229 
57230 
57231 
57232 
57233 
57234 
57235 
57236 
57237 
57238 
57239 
57240 
57241 
57242 
57243 
57244 
57245 
57246 
57247 
57248 
57249 
57250 
57251 
57252 
57253 
57254 
57255 
57256 
57257 
57258 
57259 
57260 
57261 
57262 
57263 
57264 
57265 
57266 
57267 
57268 
57269 
57270 
57271 
57272 
57273 
57274 
57275 
57276 
57277 
57278 
57279 
57280 
57281 
57282 
57283 
57284 
57285 
)

// ************************************************************************* //
