/*--------------------------------*- C++ -*----------------------------------*\
| =========                 |                                                 |
| \\      /  F ield         | OpenFOAM: The Open Source CFD Toolbox           |
|  \\    /   O peration     | Version:  2.3.0                                 |
|   \\  /    A nd           | Web:      www.OpenFOAM.org                      |
|    \\/     M anipulation  |                                                 |
\*---------------------------------------------------------------------------*/
FoamFile
{
    version     2.0;
    format      ascii;
    class       faceSet;
    location    "constant/polyMesh/sets";
    object      nonOrthoFaces;
}
// * * * * * * * * * * * * * * * * * * * * * * * * * * * * * * * * * * * * * //


540
(
18432 
6144 
18433 
6145 
18434 
6146 
18435 
6147 
18436 
6148 
18437 
6149 
18438 
6150 
18439 
6151 
18440 
6152 
18441 
6153 
18442 
18443 
18444 
18445 
18446 
18447 
18448 
18449 
18498 
18500 
18501 
18502 
18503 
6215 
18504 
18505 
6217 
18506 
6218 
18507 
6219 
18508 
6220 
18509 
6221 
18510 
18511 
18512 
18513 
18514 
18515 
18516 
18567 
18569 
18571 
18572 
18573 
18574 
18575 
6287 
18576 
18577 
6289 
18578 
18579 
18580 
18581 
18582 
18583 
18638 
18640 
18641 
18642 
18643 
18644 
18645 
6357 
18646 
18647 
18648 
18649 
18650 
18707 
18709 
18710 
18711 
18712 
18713 
18714 
18715 
18716 
18717 
18776 
18778 
18779 
18780 
18781 
18782 
18783 
18784 
18845 
18847 
18848 
18849 
18850 
18851 
18914 
18916 
18917 
18918 
18983 
18985 
5065 
5131 
5133 
5199 
5200 
5201 
5265 
5266 
5267 
5268 
5269 
5331 
5332 
5333 
5334 
5335 
5336 
5337 
5397 
5398 
5399 
5400 
5401 
5402 
5403 
5404 
5405 
5463 
5464 
5465 
5466 
5467 
5468 
5469 
5470 
5471 
5472 
5473 
5529 
5530 
5531 
5532 
5533 
5534 
5535 
5536 
5537 
5538 
5539 
5540 
5541 
17832 
17834 
17835 
17836 
17837 
17838 
17839 
17840 
17841 
17842 
17843 
17844 
17845 
17846 
5593 
5594 
5595 
5596 
5597 
5598 
5599 
5600 
5601 
5602 
5603 
5604 
5605 
5606 
5607 
17896 
5608 
5609 
17898 
17899 
17900 
17901 
17902 
17903 
17904 
17905 
17906 
17907 
17908 
17909 
17910 
17911 
17912 
17913 
5659 
5660 
5661 
5662 
5663 
5664 
5665 
5666 
5667 
17956 
5668 
5669 
17958 
5670 
17959 
5671 
17960 
5672 
17961 
5673 
17962 
5674 
17963 
5675 
17964 
5676 
17965 
5677 
17966 
17967 
17968 
17969 
17970 
17971 
17972 
17973 
17974 
17975 
17976 
17977 
17978 
17979 
17980 
5725 
5726 
5727 
5728 
5729 
5730 
5731 
5732 
5733 
5734 
5735 
5736 
18025 
5737 
18026 
5738 
18027 
5739 
18028 
5740 
18029 
5741 
18030 
5742 
18031 
5743 
18032 
5744 
18033 
5745 
18034 
18035 
18036 
18037 
18038 
18039 
18040 
18041 
18042 
18043 
18044 
18045 
18046 
18047 
5791 
5792 
5793 
5794 
5795 
5796 
5797 
5798 
5799 
18088 
5800 
5801 
18090 
5802 
18091 
5803 
18092 
5804 
18093 
5805 
18094 
5806 
18095 
5807 
18096 
5808 
18097 
5809 
18098 
5810 
18099 
5811 
18100 
5812 
18101 
5813 
18102 
18103 
18104 
18105 
18106 
18107 
18108 
18109 
18110 
18111 
18112 
18113 
18114 
5859 
5860 
5861 
5862 
5863 
5864 
5865 
5866 
5867 
5868 
18157 
5869 
18158 
5870 
18159 
5871 
18160 
5872 
18161 
5873 
18162 
5874 
18163 
5875 
18164 
5876 
18165 
5877 
18166 
5878 
18167 
5879 
18168 
5880 
18169 
5881 
18170 
18171 
18172 
18173 
18174 
18175 
18176 
18177 
18178 
18179 
18180 
18181 
5927 
5929 
5930 
5931 
5932 
5933 
5934 
5935 
18224 
5936 
18225 
5937 
18226 
5938 
18227 
5939 
18228 
5940 
18229 
5941 
18230 
5942 
18231 
5943 
18232 
5944 
18233 
5945 
18234 
5946 
18235 
5947 
18236 
5948 
18237 
5949 
18238 
18239 
18240 
18241 
18242 
18243 
18244 
18245 
18246 
18247 
18248 
5997 
5998 
5999 
6000 
6001 
6002 
18291 
6003 
6004 
18293 
6005 
18294 
6006 
18295 
6007 
18296 
6008 
18297 
6009 
18298 
6010 
18299 
6011 
18300 
6012 
18301 
6013 
18302 
6014 
18303 
6015 
18304 
6016 
18305 
6017 
18306 
18307 
18308 
18309 
18310 
18311 
18312 
18313 
18314 
18315 
6065 
6067 
6068 
6069 
18358 
6070 
6071 
18360 
6072 
18361 
6073 
18362 
6074 
18363 
6075 
18364 
6076 
18365 
6077 
18366 
6078 
18367 
6079 
18368 
6080 
18369 
6081 
18370 
6082 
18371 
6083 
18372 
6084 
18373 
6085 
18374 
18375 
18376 
18377 
18378 
18379 
18380 
18381 
18382 
6135 
6137 
18427 
6139 
18429 
6141 
6142 
18431 
6143 
)

// ************************************************************************* //
