0.660982
0.114925
0.902071
0.248809
0.54881
0.304878
0.756299
0.745794
0.169273
0.0477051
0.791348
0.157496
0.854112
0.34487
0.379554
0.776353
0.713182
0.00358919
0.945956
0.411132
0.770142
0.657434
0.905902
0.138197
0.512067
0.396045
0.441525
0.714243
0.136577
0.47215
0.853574
0.208913
0.401479
0.0864302
0.984702
0.049616
0.911984
0.327386
0.83928
0.958441
0.89694
0.0544934
0.983878
0.865329
0.700346
0.452693
0.326023
0.767695
0.529899
0.303135
0.369914
0.298217
0.983602
0.703062
0.91596
0.619474
0.301877
0.286829
0.561849
0.0517022
0.024598
0.0424655
0.0177132
0.427766
0.460434
0.124898
0.218753
0.651293
0.268676
0.938903
0.54488
0.841596
0.779881
0.755481
0.472308
0.446373
0.899478
0.979776
0.733929
0.910712
0.306004
0.234276
0.169988
0.937103
0.300135
0.159102
0.950949
0.418117
0.150676
0.938108
0.744383
0.00898321
0.465422
0.00534595
0.56097
0.648012
0.204581
0.151396
0.386137
0.961732
0.723958
0.836605
0.703429
0.633089
0.701134
0.645976
0.374301
0.987125
0.131913
0.356589
0.779348
0.181037
0.470178
0.784656
0.0865626
0.516295
0.79539
0.0823842
0.778713
0.251843
0.780036
0.168005
0.670549
0.800583
0.719591
0.0049891
0.546675
0.231132
0.598759
0.704427
0.199367
0.554847
0.183489
0.60319
0.821842
0.979062
0.29323
0.55878
0.418387
0.599174
0.927482
0.124948
0.165248
0.222192
0.80997
0.215388
0.379897
0.265526
0.240672
0.0720454
0.0535788
0.903035
0.986752
0.543259
0.998027
0.331982
0.441983
0.507136
0.887983
0.604961
0.822466
0.0678299
0.0264741
0.0143594
0.287971
0.631605
0.0124968
0.719684
0.00379255
0.911006
0.631122
0.621219
0.41411
0.510374
0.883509
0.580752
0.726967
0.344623
0.116479
0.228445
0.314153
0.601232
0.146433
0.116773
0.408068
0.0732271
0.748835
0.262692
0.0601441
0.18295
0.494271
0.570959
0.801758
0.951141
0.00591857
0.204038
0.496823
0.918009
0.893956
0.637747
0.95308
0.3739
0.559016
0.956849
0.20683
0.699998
0.584774
0.167947
0.203323
0.660191
0.237044
0.0656826
0.496596
0.0526727
0.205596
0.540577
0.360398
0.0809673
0.625632
0.175092
0.299996
0.517893
0.361751
0.892415
0.616908
0.138069
0.972167
0.666178
0.426602
0.890461
0.260525
0.0362319
0.981059
0.433893
0.848857
0.562452
0.898675
0.598504
0.965429
0.249889
0.709497
0.790082
0.983367
0.511027
0.642174
0.674195
0.579091
0.362993
0.239252
0.64917
0.869566
0.436719
0.987749
0.827444
0.474269
0.000335464
0.873059
0.463226
0.352789
0.919249
0.82155
0.0454226
0.756987
0.0484934
0.0494875
0.12209
0.318645
0.919087
0.746395
0.925471
0.63035
0.807932
0.15324
0.606531
0.940764
0.766301
0.909021
0.291047
0.17233
0.00243987
0.883928
0.345062
0.454684
0.837533
0.777709
0.866315
0.298811
0.905354
0.779824
0.243617
0.157012
0.338996
0.0218601
0.950434
0.0448065
0.380802
0.290354
0.652577
0.32285
0.928207
0.33732
0.770089
0.0688654
0.566817
0.692253
0.183076
0.320912
0.522061
0.582004
0.534818
0.0989768
0.867865
0.785733
0.581544
0.0368058
0.980333
0.8525
0.287482
0.293214
0.980082
0.305167
0.477911
0.0873016
0.0597561
0.561342
0.871774
0.752889
0.690987
0.028314
0.286406
0.688577
0.152661
0.309077
0.10521
0.618659
0.0988666
0.661258
0.0822055
0.942051
0.826135
0.901552
0.700162
0.560946
0.317352
0.0676047
0.188457
0.354053
0.678191
0.411155
0.233585
0.172977
0.362735
0.587959
0.0198062
0.335461
0.232125
0.723734
0.894322
0.60034
0.184001
0.455824
0.249255
0.588573
0.734076
0.966008
0.80899
0.0249209
0.512664
0.660565
0.296849
0.702493
0.125468
0.677403
0.26847
0.281382
0.270902
0.49212
0.499446
0.623192
0.462508
0.457416
0.237305
0.181725
0.447409
0.721372
0.859945
0.164968
0.756736
0.561078
0.630501
0.251271
0.826952
0.820779
0.693852
0.492419
0.645018
0.844757
0.687873
0.0295413
0.65039
0.599551
0.958547
0.461026
0.5842
0.891413
0.469196
0.934633
0.1554
0.436391
0.59446
0.0421035
0.527129
0.632394
0.468118
0.0550402
0.90244
0.249828
0.219934
0.674289
0.734122
0.587307
0.454073
0.274824
0.291321
0.898602
0.679479
0.146897
0.922197
0.692242
0.621536
0.347082
0.100923
0.0808322
0.747313
0.0270629
0.678931
0.597534
0.900211
0.728609
0.417318
0.62049
0.313263
0.623595
0.128255
0.708544
0.229117
0.966937
0.86501
0.518755
0.118565
0.660541
0.667595
0.570353
0.161844
0.188736
0.599492
0.229038
0.796855
0.0153515
0.73363
0.747236
0.124488
0.65212
0.154231
0.269834
0.696175
0.270398
0.576797
0.120287
0.864157
0.738994
0.89379
0.846289
0.109646
0.278818
0.900131
0.933016
0.420751
0.918653
0.975215
0.418368
0.180868
0.286446
0.925721
0.652735
0.28668
0.336231
0.821157
0.409007
0.993137
0.820975
0.165895
0.210995
0.637298
0.0360224
0.421187
0.384362
0.475095
0.129408
0.478989
0.186175
0.341874
0.980485
0.765493
0.786214
0.22456
0.044375
0.283712
0.769657
0.517308
0.1231
0.450032
0.920979
0.233317
0.13574
0.601454
0.843853
0.595941
0.986041
0.937139
0.486236
0.942788
0.521356
0.230253
0.748425
0.63039
0.655865
0.382814
0.846647
0.158177
0.718495
0.117236
0.389771
0.918167
0.453349
0.808685
0.015379
0.809796
0.331624
0.973217
0.998257
0.864926
0.511145
0.416891
0.935313
0.69833
0.346266
0.745952
0.929441
0.943824
0.672497
0.76993
0.814439
0.535164
0.98755
0.535473
0.197733
0.208971
0.320397
0.171414
0.814338
0.431059
0.747617
0.484788
0.366107
0.916809
0.759251
0.969239
0.521877
0.507053
0.301956
0.720775
0.918966
0.191892
0.570722
0.732547
0.522412
0.543316
0.880487
0.896547
0.0174945
0.307928
0.624971
0.754188
0.6907
0.416386
0.423341
0.20287
0.530303
0.927617
0.0550587
0.667462
0.812642
0.812446
0.524292
0.68856
0.198588
0.0895541
0.931812
0.0995463
0.463923
0.617466
0.713198
0.0407052
0.795564
0.270876
0.354835
0.895577
0.595009
0.0133896
0.955552
0.971378
0.948729
0.754755
0.807784
0.448713
0.623443
0.0345961
0.786544
0.23974
0.480566
0.387494
0.0246193
0.188206
0.317228
0.784344
0.506918
0.646852
0.552948
0.064075
0.938018
0.236759
0.619925
0.0355042
0.935603
0.10514
0.676532
0.742339
0.355447
0.749292
0.222719
0.362417
0.34774
0.0151828
0.132078
0.396705
0.750509
0.488384
0.134642
0.121391
0.0373143
0.105505
0.718185
0.90102
0.236124
0.981928
0.680766
0.978726
0.96252
0.114128
0.510539
0.941386
0.545636
0.525354
0.546438
0.0837436
0.480691
0.340721
0.993806
0.559465
0.992277
0.673923
0.372879
0.21956
0.766426
0.186038
0.29719
0.870464
0.821926
0.23805
0.275536
0.441636
0.569463
0.460606
0.0675231
0.261235
0.659354
0.686167
0.835377
0.0500675
0.271347
0.799261
0.167695
0.198945
0.23823
0.0818829
0.830309
0.442647
0.609065
0.807498
0.917618
0.0333785
0.269966
0.886152
0.920151
0.570957
0.660968
0.0899167
0.761513
0.977916
0.892701
0.629416
0.00619912
0.851272
0.792247
0.471096
0.0488555
0.318972
0.893846
0.298181
0.144931
0.598363
0.387149
0.986324
0.221876
0.00315089
0.999201
0.10506
0.1561
0.782046
0.851214
0.0811457
0.0127678
0.234041
0.34436
0.757901
0.721099
0.957661
0.151744
0.0647737
0.0566381
0.86896
0.674036
0.738022
0.409176
0.311306
0.488412
0.524834
0.812889
0.274962
0.428123
0.115184
0.0938516
0.504716
0.246669
0.190874
0.302428
0.556647
0.560876
0.642027
0.00707412
0.88332
0.303784
0.370225
0.380253
0.829254
0.463068
0.786261
0.558781
0.461978
0.496853
0.108409
0.597368
0.504101
0.390167
0.560047
0.458823
0.218555
0.207801
0.0631724
0.44503
0.806441
0.299631
0.59562
0.559635
0.297189
0.860353
0.252672
0.498271
0.960315
0.269141
0.742884
0.668027
0.526015
0.162567
0.0816167
0.586622
0.127544
0.697351
0.105911
0.983271
0.649075
0.381837
0.00728734
0.102872
0.119426
0.708699
0.203606
0.860045
0.468767
0.135712
0.932355
0.953981
0.303755
0.163281
0.356348
0.351253
0.00357141
0.117544
0.805724
0.576169
0.749134
0.0833083
0.789041
0.742482
0.474653
0.550219
0.785037
0.13028
0.272364
0.0245285
0.325546
0.886288
0.866617
0.456824
0.206943
0.191264
0.150014
0.904261
0.779721
0.979309
0.657022
0.244586
0.460628
0.106103
0.187426
0.0334275
0.77027
0.300714
0.454667
0.0898732
0.407404
0.736015
0.646363
0.914179
0.632244
0.27836
0.230773
0.771165
0.183968
0.188956
0.173788
0.0284732
0.0235328
0.501346
0.377301
0.862627
0.799944
0.0608129
0.999778
0.16273
0.141595
0.0533007
0.0388018
0.149141
0.947535
0.450118
0.376262
0.273981
0.495609
0.0342067
0.726325
0.422212
0.00266467
0.839391
0.465265
0.494981
0.452712
0.499628
0.512275
0.619124
0.0621282
0.691429
0.324319
0.163382
0.33535
0.245828
0.550426
0.0953153
0.952614
0.0555216
0.0772861
0.792237
0.950198
0.023331
0.934923
0.500078
0.194192
0.821494
0.0149201
0.0789178
0.498199
0.175819
0.856102
0.283348
0.837527
0.650452
0.0512897
0.525644
0.472492
0.449168
0.875851
0.589209
0.144722
0.783237
0.792644
0.853933
0.420474
0.184389
0.0458304
0.72841
0.188282
0.216319
0.147338
0.389164
0.0331111
0.427516
0.793279
0.976915
0.913893
0.238661
0.204813
0.586026
0.127408
0.0258068
0.567207
0.779084
0.182696
0.998042
0.828133
0.770625
0.707423
0.944399
0.910963
0.316144
0.629471
0.140211
0.586619
0.32682
0.579594
0.320852
0.21159
0.830237
0.194237
0.883213
0.561568
0.376891
0.943175
0.960666
0.184669
0.252302
0.287083
0.635591
0.0913521
0.159974
0.20255
0.718402
0.898735
0.199266
0.792469
0.648425
0.909803
0.697318
0.890336
0.0583156
0.437326
0.613452
0.728763
0.780999
0.393846
0.517439
0.95286
0.11498
0.451294
0.782922
0.663877
0.134831
0.264772
0.825533
0.12069
